1	0.0090095	71.75	617.37	689.12	0
0.9	0.0203306	70.5	639.865	710.365	26
0.8	0.0184073	66	697.23	763.23	50
0.7	0.0044486	59.75	771.36	831.11	69
0.6	0.005691	54.75	804.895	859.645	76
0.5	0.0037954	37.625	907.495	945.12	87
0.4	0.0025902	33.125	927.215	960.34	79
0.3	0.0029016	32.5	930.115	962.615	72
0.2	0.0041334	31.75	932.035	963.785	66
0.1	0.0030535	31.75	932.035	963.785	66
0	7.21E-05	30.75	947.51	978.26	46
1	0.0043509	65	497.145	562.145	0
0.9	0.0034465	65	503.94	568.94	5
0.8	0.0028732	62.5	522.18	584.68	23
0.7	0.0031146	59.625	562.595	622.22	42
0.6	0.0020921	54	590.335	644.335	40
0.5	0.004646	49.25	612.045	661.295	44
0.4	0.0048817	39.75	657.455	697.205	50
0.3	0.0043384	36.25	674.185	710.435	52
0.2	0.0036043	36.25	674.34	710.59	48
0.1	0.0036307	36.25	674.34	710.59	48
0	1.11E-04	34.75	679.315	714.065	30
1	0.0191199	83.125	514.335	597.46	0
0.9	0.0144306	83	514.8	597.8	1
0.8	0.0131449	82	527.22	609.22	20
0.7	0.0127113	80.5	540.85	621.35	31
0.6	0.0045171	78.25	561	639.25	41
0.5	0.0024696	78.625	565.105	643.73	38
0.4	0.0023087	68.125	624.79	692.915	52
0.3	0.0020754	50.5	706.67	757.17	57
0.2	0.0013918	49.125	712.245	761.37	48
0.1	3.87E-04	48	718.745	766.745	31
0	4.91E-05	40.75	742.02	782.77	30
1	0.0073241	75.375	558.045	633.42	0
0.9	0.0077616	75.75	557.315	633.065	0
0.8	0.0119815	74.5	565.945	640.445	13
0.7	0.0059246	73.625	575.035	648.66	20
0.6	0.0062537	72.375	582.63	655.005	25
0.5	0.0053684	67.625	606.93	674.555	32
0.4	0.0052224	50.25	698.965	749.215	56
0.3	0.0036943	47.5	720.12	767.62	58
0.2	0.0033995	36.75	801.755	838.505	65
0.1	0.0025982	36.75	801.755	838.505	65
0	5.38E-05	32.5	812.92	845.42	46
1	0.0048791	84.75	523.165	607.915	0
0.9	0.0052364	84.625	523.665	608.29	2
0.8	0.0043822	83.75	529.605	613.355	13
0.7	0.012977	83.75	535.43	619.18	23
0.6	0.0214508	80.5	549.23	629.73	31
0.5	0.0175059	75.625	572.94	648.565	41
0.4	0.0159961	73.375	591.835	665.21	47
0.3	0.015032	58.625	691.155	749.78	67
0.2	0.0111978	43.75	789.53	833.28	73
0.1	0.0039349	41.625	799.685	841.31	53
0	1.24E-04	40	804.025	844.025	41
1	0.0174542	85.5	541.18	626.68	0
0.9	0.013597	85.5	541.18	626.68	0
0.8	0.0124377	85.25	543.445	628.695	5
0.7	0.0142715	85.25	544.375	629.625	6
0.6	0.0091057	83.625	557.09	640.715	14
0.5	0.0038968	81.875	569.065	650.94	21
0.4	0.0027553	79	612.855	691.855	34
0.3	0.0026129	72.25	661.12	733.37	46
0.2	0.0015465	52.75	750.895	803.645	49
0.1	2.20E-04	51.125	765.36	816.485	28
0	3.27E-05	45.375	781.08	826.455	28
1	0.0026226	82.25	528.75	611	0
0.9	0.0026653	82.25	528.75	611	0
0.8	0.0029213	81.75	531.07	612.82	5
0.7	0.0023242	81.25	533.665	614.915	8
0.6	0.0022345	79.875	543.325	623.2	13
0.5	0.0022084	78.75	548.93	627.68	18
0.4	0.0025148	75.875	568.25	644.125	24
0.3	0.0034131	73.125	605.325	678.45	38
0.2	0.0020856	62.625	657.725	720.35	44
0.1	9.76E-04	56.875	709.09	765.965	38
0	3.50E-05	44.25	733.555	777.805	29
1	0.0035185	76.75	653.105	729.855	0
0.9	0.0027543	77.375	651.745	729.12	0
0.8	0.0027629	77.375	651.745	729.12	0
0.7	0.0037123	77.5	652.38	729.88	2
0.6	0.0046575	76.25	658.795	735.045	8
0.5	0.0040759	74.375	667.825	742.2	14
0.4	0.0024636	68.875	706.05	774.925	32
0.3	0.0028828	62.75	768.86	831.61	52
0.2	0.0024444	50.25	851.995	902.245	67
0.1	5.53E-04	47.5	866.215	913.715	36
0	3.79E-05	38	881.575	919.575	32
1	0.005881	85.875	641.985	727.86	0
0.9	0.0063354	85.875	641.985	727.86	0
0.8	0.0063153	85.75	642.665	728.415	2
0.7	0.0086086	86.375	642.025	728.4	3
0.6	0.0063265	84.625	647.61	732.235	5
0.5	0.005865	83.5	654	737.5	12
0.4	0.0054426	77.375	689.875	767.25	28
0.3	0.0053412	74.5	705.255	779.755	33
0.2	0.0046988	52.375	831.845	884.22	56
0.1	0.0026318	42.5	902.265	944.765	52
0	8.09E-05	42	904.345	946.345	36
1	0.0076016	76.125	612.135	688.26	0
0.9	0.007623	76.125	613.595	689.72	0
0.8	0.0083363	75.875	614.64	690.515	4
0.7	0.0071537	75.25	615.965	691.215	6
0.6	0.0085571	74.5	625.455	699.955	16
0.5	0.0082914	73.125	636.005	709.13	20
0.4	0.0046185	70.125	669.64	739.765	35
0.3	0.0048825	66	711.665	777.665	50
0.2	0.0055211	52.375	805.455	857.83	71
0.1	0.00141	39.125	873.605	912.73	49
0	1.70E-04	33.125	895.44	928.565	48
1	0.0216498	82	550.665	632.665	0
0.9	0.0221622	82	550.665	632.665	0
0.8	0.0225043	81.875	551.135	633.01	0
0.7	0.0193106	81.375	553.43	634.805	4
0.6	0.0186469	81	555.53	636.53	6
0.5	0.0187747	80.5	562.085	642.585	11
0.4	0.0202186	79.375	572.54	651.915	16
0.3	0.0254461	75.75	600.945	676.695	32
0.2	0.0089759	68.875	685.14	754.015	53
0.1	0.0032366	39.125	828.89	868.015	69
0	3.93E-05	33.5	859.875	893.375	39
1	0.0056169	74.625	553.615	628.24	0
0.9	0.0053991	74.5	554.04	628.54	0
0.8	0.0068759	73.625	554.665	628.29	0
0.7	0.0067721	74.125	556.235	630.36	6
0.6	0.005566	72	565.43	637.43	17
0.5	0.0060818	71	572.605	643.605	24
0.4	0.0056446	70.25	580.365	650.615	29
0.3	0.0046344	63.5	622.915	686.415	47
0.2	0.0042018	53.125	694.79	747.915	65
0.1	0.0031061	31.75	811.505	843.255	72
0	4.14E-05	28	822.29	850.29	44
1	0.0056674	85.25	486.87	572.12	0
0.9	0.0058842	85.25	486.87	572.12	0
0.8	0.0058732	84.875	487.24	572.115	2
0.7	0.007759	84.625	488.4	573.025	6
0.6	0.0055043	84.5	489.775	574.275	8
0.5	0.0108744	83.625	496.02	579.645	16
0.4	0.0074529	81	505.025	586.025	21
0.3	0.004468	71.625	542.65	614.275	35
0.2	0.0049485	59.375	608.225	667.6	55
0.1	0.0039845	41.25	711.84	753.09	74
0	5.35E-05	38.125	732.21	770.335	39
1	0.0051496	92.75	594.31	687.06	0
0.9	0.0058572	92.75	594.31	687.06	0
0.8	0.0051818	92.625	594.38	687.005	0
0.7	0.0051162	91.875	597.66	689.535	8
0.6	0.0047186	91.125	600.345	691.47	11
0.5	0.0045384	90.875	606.505	697.38	19
0.4	0.0044992	90.75	606.815	697.565	19
0.3	0.0046987	86.875	631.18	718.055	30
0.2	0.0045097	69.125	714.9	784.025	53
0.1	0.0032722	53.75	809.88	863.63	62
0	5.30E-05	44.25	847.7	891.95	38
1	0.0057794	68.5	637.175	705.675	0
0.9	0.0059888	68.625	637.05	705.675	0
0.8	0.0060725	68.625	637.05	705.675	0
0.7	0.0064288	67.75	641.035	708.785	10
0.6	0.0058047	67.625	642.005	709.63	11
0.5	0.0063381	67.5	645.445	712.945	15
0.4	0.006262	66.5	654.88	721.38	22
0.3	0.0063936	59.75	694.745	754.495	39
0.2	0.0052508	46.75	756.885	803.635	57
0.1	0.0026625	36.5	837.305	873.805	65
0	4.57E-05	35.375	882.62	917.995	42
1	0.0045471	80.625	589.065	669.69	0
0.9	0.0042174	80.625	589.065	669.69	0
0.8	0.0054514	80.625	589.065	669.69	0
0.7	0.0060457	80.625	589.065	669.69	0
0.6	0.0061287	80.875	588.725	669.6	0
0.5	0.0044912	79.875	595.68	675.555	9
0.4	0.00444	79	604.17	683.17	17
0.3	0.0041823	75	621.805	696.805	27
0.2	0.0042286	66.875	679.18	746.055	47
0.1	0.0025845	46.5	781.795	828.295	50
0	3.24E-05	38.75	834.225	872.975	33
1	0.00437	91	492.39	583.39	0
0.9	0.0040406	91	492.39	583.39	0
0.8	0.0043604	91	493.69	584.69	0
0.7	0.0042241	91	493.69	584.69	0
0.6	0.0043286	90.625	494.945	585.57	2
0.5	0.0038747	90	499.305	589.305	5
0.4	0.004137	88.75	508.055	596.805	13
0.3	0.0037905	86.5	524.845	611.345	23
0.2	0.0038025	81.75	570.205	651.955	41
0.1	0.0047578	67.875	678.935	746.81	63
0	4.15E-05	49.125	733.965	783.09	28
1	0.0039629	74.75	556.01	630.76	0
0.9	0.0039436	74.75	556.01	630.76	0
0.8	0.0038039	74.75	556.01	630.76	0
0.7	0.0038607	74.75	556.01	630.76	0
0.6	0.0037817	74.5	556.98	631.48	2
0.5	0.0036653	73.375	561.29	634.665	8
0.4	0.0040324	70.75	570.065	640.815	13
0.3	0.0034522	65.75	595.185	660.935	25
0.2	0.003408	55.625	652.54	708.165	47
0.1	0.0027934	50	707.42	757.42	65
0	2.46E-05	35.5	775.91	811.41	33
1	0.0062084	90.875	670.065	760.94	0
0.9	0.0047331	90.875	670.065	760.94	0
0.8	0.0036206	90.875	670.065	760.94	0
0.7	0.0036926	90.875	670.065	760.94	0
0.6	0.0036287	90.875	670.065	760.94	0
0.5	0.0037346	90.375	673.305	763.68	4
0.4	0.0037394	89.75	676.73	766.48	7
0.3	0.00347	87.75	698.52	786.27	20
0.2	0.0037399	83.375	728.405	811.78	33
0.1	0.0032256	60.25	856.72	916.97	55
0	3.01E-05	39.75	943.805	983.555	32
1	0.0049432	73.375	564.895	638.27	0
0.9	0.0050113	73.375	564.895	638.27	0
0.8	0.0053557	73.375	564.895	638.27	0
0.7	0.0043958	73.25	565.465	638.715	2
0.6	0.0045735	73.25	565.465	638.715	2
0.5	0.0045047	73.25	565.465	638.715	2
0.4	0.0044514	72.75	571.465	644.215	9
0.3	0.004466	71.75	578.12	649.87	14
0.2	0.0039728	65.25	616.19	681.44	31
0.1	0.0030069	50.375	713.865	764.24	59
0	4.16E-05	30.5	814.66	845.16	40
1	0.0055592	79.875	513.155	593.03	0
0.9	0.0053305	79.75	513.44	593.19	0
0.8	0.0066491	79.75	513.925	593.675	0
0.7	0.0061697	79.625	514.475	594.1	2
0.6	0.0063486	79.625	514.425	594.05	2
0.5	0.0053376	78.375	523.73	602.105	14
0.4	0.0049343	77.125	530.785	607.91	19
0.3	0.0047271	76.5	535.5	612	25
0.2	0.0040441	66	583.39	649.39	41
0.1	0.0041527	50.5	720.535	771.035	72
0	4.29E-05	28.125	839.51	867.635	46
1	0.0058526	77.75	490.375	568.125	0
0.9	0.0058723	77.75	490.375	568.125	0
0.8	0.0057727	77.75	490.375	568.125	0
0.7	0.0057042	77.75	490.375	568.125	0
0.6	0.0059159	77.5	492.015	569.515	3
0.5	0.0055353	76.875	494.815	571.69	9
0.4	0.0058293	75.875	500.005	575.88	15
0.3	0.005499	73.5	512.31	585.81	23
0.2	0.0048246	68.625	543.365	611.99	38
0.1	0.003491	59.375	604.33	663.705	52
0	3.49E-05	35.75	739.47	775.22	37
1	0.0060857	69.375	509.9	579.275	0
0.9	0.0056827	69.375	509.9	579.275	0
0.8	0.0054778	69.375	509.9	579.275	0
0.7	0.005937	69.75	510.13	579.88	4
0.6	0.0052459	69.75	510.95	580.7	6
0.5	0.0056555	69	512.57	581.57	8
0.4	0.0058732	68.375	521.955	590.33	16
0.3	0.0050561	66.625	530.725	597.35	22
0.2	0.0054175	65.25	550.005	615.255	34
0.1	0.0043199	54.125	641.55	695.675	60
0	3.62E-05	32	741.12	773.12	38
1	0.0058235	62	526.195	588.195	0
0.9	0.0054659	62	526.195	588.195	0
0.8	0.0059715	61.625	526.915	588.54	0
0.7	0.0055415	61.625	526.915	588.54	0
0.6	0.0058773	61.375	527.82	589.195	2
0.5	0.0049379	60.25	534.84	595.09	10
0.4	0.0057042	59.875	537.245	597.12	16
0.3	0.0055149	59.5	542.04	601.54	21
0.2	0.0049082	56.875	568.805	625.68	36
0.1	0.0044009	48.375	655.36	703.735	59
0	5.03E-05	21.375	786.205	807.58	43
1	0.0066099	71.125	564.655	635.78	0
0.9	0.0059744	71.125	564.655	635.78	0
0.8	0.0057652	71.125	564.615	635.74	0
0.7	0.0060306	71.125	564.615	635.74	0
0.6	0.0059491	71	565.035	636.035	2
0.5	0.0058216	71	565.42	636.42	3
0.4	0.0052897	68.75	577.875	646.625	15
0.3	0.0053701	67.875	582.595	650.47	20
0.2	0.0046589	66.75	608.55	675.3	31
0.1	0.0038064	49.875	721.825	771.7	56
0	6.08E-05	21.25	838.865	860.115	41
1	0.0055564	72.375	606.195	678.57	0
0.9	0.0053329	72.375	606.195	678.57	0
0.8	0.0054951	72.5	606.06	678.56	0
0.7	0.0052845	72.375	606.145	678.52	0
0.6	0.005535	72.25	606.725	678.975	2
0.5	0.0051849	72	609.315	681.315	5
0.4	0.0050846	71.25	614.935	686.185	12
0.3	0.0052604	69	628.855	697.855	22
0.2	0.0043674	67.75	646.87	714.62	32
0.1	0.0031648	50.125	755.095	805.22	55
0	3.62E-05	33.125	851.13	884.255	37
1	0.003794	73.25	495.745	568.995	0
0.9	0.0039085	73.25	495.835	569.085	0
0.8	0.0038269	73.25	495.835	569.085	0
0.7	0.0038378	73.25	495.835	569.085	0
0.6	0.0039342	73.25	495.835	569.085	0
0.5	0.0039265	73	496.77	569.77	2
0.4	0.0038791	72.875	499.03	571.905	5
0.3	0.0043196	72.875	499.79	572.665	6
0.2	0.0035508	70.125	517.295	587.42	16
0.1	0.0030784	59	595.2	654.2	37
0	3.54E-05	28.75	719.005	747.755	26
1	0.004772	87.375	598.51	685.885	0
0.9	0.0045351	87.375	598.51	685.885	0
0.8	0.0047713	87.375	598.51	685.885	0
0.7	0.0052237	87.375	598.51	685.885	0
0.6	0.0044955	87.375	598.51	685.885	0
0.5	0.0045149	86.875	600.535	687.41	4
0.4	0.0045637	86.875	600.535	687.41	4
0.3	0.0050966	86.875	605.47	692.345	10
0.2	0.0054822	84.25	622.04	706.29	20
0.1	0.0040927	74.125	702.115	776.24	44
0	3.95E-05	34.25	860.39	894.64	30
1	0.004567	66.5	547.51	614.01	0
0.9	0.0041655	66.375	547.685	614.06	0
0.8	0.0040891	66.375	547.685	614.06	0
0.7	0.0043946	66.375	547.685	614.06	0
0.6	0.0041054	66.375	547.765	614.14	0
0.5	0.004196	66.25	548.53	614.78	2
0.4	0.0045747	66.375	549.905	616.28	4
0.3	0.0040267	65.75	557.805	623.555	13
0.2	0.0043978	62.625	572.92	635.545	22
0.1	0.0039553	59.625	618.29	677.915	38
0	4.01E-05	20.375	800.25	820.625	26
1	0.0052671	81.625	534.34	615.965	0
0.9	0.0058406	81.625	534.34	615.965	0
0.8	0.005345	81.625	534.295	615.92	0
0.7	0.005491	81.625	534.295	615.92	0
0.6	0.0054042	81.625	534.295	615.92	0
0.5	0.0058936	81.625	534.295	615.92	0
0.4	0.0051683	81.25	536.155	617.405	3
0.3	0.0051539	80.875	540.85	621.725	9
0.2	0.0050317	79.25	553.05	632.3	18
0.1	0.0050989	69.875	619.475	689.35	40
0	5.53E-05	32.875	819.87	852.745	35
1	0.0059484	73	583.29	656.29	0
0.9	0.0058491	73	583.29	656.29	0
0.8	0.0059303	73	583.29	656.29	0
0.7	0.0059728	73	583.29	656.29	0
0.6	0.0058203	73	583.29	656.29	0
0.5	0.0059148	73	583.29	656.29	0
0.4	0.0058163	73	583.29	656.29	0
0.3	0.0057488	72	591.97	663.97	11
0.2	0.0068279	69.375	614.495	683.87	24
0.1	0.0063478	54.125	691.11	745.235	50
0	5.81E-05	33.75	798.505	832.255	28
1	0.0068601	81.875	707.83	789.705	0
0.9	0.0065113	81.875	707.83	789.705	0
0.8	0.0062848	82.125	707.415	789.54	0
0.7	0.0067238	82.125	707.415	789.54	0
0.6	0.0069745	82.125	707.415	789.54	0
0.5	0.0071209	82.125	707.415	789.54	0
0.4	0.0061435	81.375	710.725	792.1	4
0.3	0.0064079	81.125	712.735	793.86	7
0.2	0.0063069	77.75	735.235	812.985	20
0.1	0.0058562	69.5	829.705	899.205	49
0	4.91E-05	28.25	1002.31	1030.56	36
1	0.0069908	86.125	580.58	666.705	0
0.9	0.0063141	86.125	580.58	666.705	0
0.8	0.006371	86.125	580.58	666.705	0
0.7	0.0065299	86.125	579.745	665.87	0
0.6	0.0059698	86.125	582.045	668.17	0
0.5	0.0060508	85.5	585.395	670.895	7
0.4	0.0060666	85.25	585.805	671.055	7
0.3	0.0051117	84.75	593.9	678.65	13
0.2	0.0048842	82.25	614.795	697.045	25
0.1	0.0052302	72.125	682.115	754.24	49
0	4.88E-05	38.625	860.83	899.455	40
1	0.0049454	65	549.36	614.36	0
0.9	0.0050988	65	549.36	614.36	0
0.8	0.0056116	65	549.36	614.36	0
0.7	0.0049014	65	549.36	614.36	0
0.6	0.0050106	65	549.36	614.36	0
0.5	0.0049827	65.25	548.815	614.065	0
0.4	0.0052617	65.25	548.85	614.1	0
0.3	0.0050654	64.5	555.765	620.265	8
0.2	0.0055708	63.375	571.18	634.555	19
0.1	0.0041737	60.5	632.025	692.525	42
0	5.48E-05	21.875	808.6	830.475	32
1	0.0040707	71.25	566.315	637.565	0
0.9	0.004054	71.25	566.315	637.565	0
0.8	0.0040133	71.375	566.24	637.615	0
0.7	0.0041442	71.375	566	637.375	0
0.6	0.0042186	71.375	566	637.375	0
0.5	0.0047827	71.25	567.49	638.74	4
0.4	0.0045606	70.75	567.91	638.66	4
0.3	0.0049482	68	580.125	648.125	12
0.2	0.0053139	63.875	602.775	666.65	27
0.1	0.0032943	59.75	648.69	708.44	46
0	2.93E-05	33.125	810.92	844.045	38
1	0.0068752	68.25	578.98	647.23	0
0.9	0.0083478	68.875	577.98	646.855	0
0.8	0.0073701	68.375	578.78	647.155	0
0.7	0.0065244	68.75	578.635	647.385	2
0.6	0.0068912	67	582.565	649.565	2
0.5	0.0069062	67.375	584.25	651.625	10
0.4	0.0072975	66.5	586.975	653.475	11
0.3	0.0054504	64.5	605.005	669.505	22
0.2	0.0047474	60	633.99	693.99	32
0.1	0.0047229	55.375	676.365	731.74	60
0	4.09E-05	25.5	836.07	861.57	38
1	0.0047109	73.375	646.77	720.145	0
0.9	0.0048928	73.375	646.77	720.145	0
0.8	0.0048817	73.375	646.77	720.145	0
0.7	0.0044024	73.375	646.77	720.145	0
0.6	0.0042194	73.5	646.67	720.17	0
0.5	0.0043513	73.25	647.535	720.785	2
0.4	0.0040733	72.875	650.575	723.45	8
0.3	0.0042019	72.625	652.965	725.59	11
0.2	0.0045362	70	666.655	736.655	21
0.1	0.0056998	61.75	727.705	789.455	46
0	4.51E-05	28.75	957.09	985.84	39
1	0.0054171	70.375	497.095	567.47	0
0.9	0.0051179	70.375	497.095	567.47	0
0.8	0.0055433	70.375	497.095	567.47	0
0.7	0.0050636	70.25	497.255	567.505	0
0.6	0.0053044	70.25	497.255	567.505	0
0.5	0.0044548	71.875	496.2	568.075	1
0.4	0.0047141	70.125	498.86	568.985	3
0.3	0.0040117	69.75	506.39	576.14	11
0.2	0.0041828	69.375	508.96	578.335	13
0.1	0.0041166	62.125	562.305	624.43	37
0	3.65E-05	25.75	802.89	828.64	39
1	0.0044124	74.125	595.01	669.135	0
0.9	0.0045281	74.125	595.01	669.135	0
0.8	0.0049061	74.125	595.01	669.135	0
0.7	0.0046716	74.125	595.01	669.135	0
0.6	0.0048997	74.25	594.74	668.99	0
0.5	0.0050749	74.25	594.78	669.03	0
0.4	0.0043869	74.125	595.05	669.175	0
0.3	0.0046024	73	598.655	671.655	4
0.2	0.0044495	71.75	604.64	676.39	9
0.1	0.0043248	60.5	664.53	725.03	38
0	2.91E-05	34.625	821.975	856.6	32
1	0.0039665	68.5	745.895	814.395	0
0.9	0.0035917	68.5	745.895	814.395	0
0.8	0.0033519	68.5	745.895	814.395	0
0.7	0.0036856	68.5	745.895	814.395	0
0.6	0.0033555	68.5	745.895	814.395	0
0.5	0.0034967	68.375	746.6	814.975	2
0.4	0.0033395	68.375	746.6	814.975	2
0.3	0.0040308	68.25	747.55	815.8	3
0.2	0.0031318	67.625	756.765	824.39	12
0.1	0.0028599	62.25	804.165	866.415	31
0	3.42E-05	31	967.175	998.175	29
1	0.0094041	86	527.13	613.13	0
0.9	0.0085054	86	527.13	613.13	0
0.8	0.0086634	86	527.13	613.13	0
0.7	0.0082505	85.875	527.4	613.275	0
0.6	0.0082438	85.875	527.4	613.275	0
0.5	0.0080641	86	527.11	613.11	0
0.4	0.0085954	85.375	530.24	615.615	6
0.3	0.0081646	85.5	533.35	618.85	11
0.2	0.0079509	83.5	546.88	630.38	23
0.1	0.0068058	77.25	612.41	689.66	48
0	5.50E-05	35.75	845.78	881.53	39
1	0.0060941	88.625	557.125	645.75	0
0.9	0.0061088	88.625	557.125	645.75	0
0.8	0.0060736	88.625	557.125	645.75	0
0.7	0.006183	88.75	556.885	645.635	0
0.6	0.0067018	88.75	556.885	645.635	0
0.5	0.0059313	88.25	558.7	646.95	2
0.4	0.0057855	87.75	560.215	647.965	4
0.3	0.0055431	87.875	560.575	648.45	5
0.2	0.0054939	85.625	569.55	655.175	12
0.1	0.0047862	74	652.68	726.68	44
0	5.82E-05	37.375	890.375	927.75	45
1	0.0043924	60	530.54	590.54	0
0.9	0.0036388	60	530.54	590.54	0
0.8	0.0035076	60	530.54	590.54	0
0.7	0.0038414	60	530.54	590.54	0
0.6	0.0035271	60	530.54	590.54	0
0.5	0.0044401	60	530.54	590.54	0
0.4	0.0073485	60	530.54	590.54	0
0.3	0.0044445	59.375	534.61	593.985	5
0.2	0.0039615	58.875	537.715	596.59	8
0.1	0.0034931	54.5	589.26	643.76	37
0	3.85E-05	31.25	695.01	726.26	29
1	0.0043562	87.375	588.46	675.835	0
0.9	0.0051253	87.5	588.31	675.81	0
0.8	0.0046566	86.75	589.37	676.12	0
0.7	0.0045139	87.125	588.765	675.89	0
0.6	0.004746	87.125	588.765	675.89	0
0.5	0.0043786	86.375	590.97	677.345	4
0.4	0.0044537	86.625	590.505	677.13	4
0.3	0.0052387	85.875	592.81	678.685	6
0.2	0.0043329	82	611.96	693.96	20
0.1	0.0039491	71.875	652.835	724.71	35
0	5.48E-05	41.5	820.46	861.96	34
1	0.0098645	71.625	521.67	593.295	0
0.9	0.0098061	71.625	521.67	593.295	0
0.8	0.0100217	71.625	521.67	593.295	0
0.7	0.0112416	71.625	521.985	593.61	0
0.6	0.00996	71.625	521.985	593.61	0
0.5	0.0095689	71.5	524.19	595.69	4
0.4	0.010531	71.5	525.065	596.565	6
0.3	0.0097944	71.125	528.34	599.465	11
0.2	0.0088579	68.375	546.19	614.565	25
0.1	0.0073618	64.125	593.345	657.47	45
0	7.66E-05	18.75	859.325	878.075	51
1	0.00807	86.625	675.365	761.99	0
0.9	0.0094931	86.625	675.365	761.99	0
0.8	0.0106756	86.625	675.365	761.99	0
0.7	0.0078992	86.625	675.365	761.99	0
0.6	0.0075473	86.625	675.365	761.99	0
0.5	0.0071954	86.875	674.86	761.735	0
0.4	0.008187	86.625	676.44	763.065	4
0.3	0.0071232	85.5	683.315	768.815	12
0.2	0.0062561	84.625	688.78	773.405	18
0.1	0.0062136	78.5	741.98	820.48	40
0	4.28E-05	35.375	969.135	1004.51	44
1	0.0049133	83.75	683.185	766.935	0
0.9	0.0050521	83.75	683.185	766.935	0
0.8	0.0047819	83.75	683.185	766.935	0
0.7	0.0050379	83.875	683.22	767.095	0
0.6	0.0052373	83.625	683.85	767.475	2
0.5	0.0045447	83.75	684.51	768.26	4
0.4	0.0049299	83.5	684.39	767.89	4
0.3	0.0057752	84.375	684.06	768.435	6
0.2	0.0051618	83.125	690.66	773.785	11
0.1	0.0047611	73.25	732.275	805.525	27
0	3.92E-05	35.75	997.55	1033.3	37
1	0.0058499	72.125	546.76	618.885	0
0.9	0.0058571	72.125	546.76	618.885	0
0.8	0.005716	72.125	546.76	618.885	0
0.7	0.0057891	72.125	546.76	618.885	0
0.6	0.0057544	72.125	546.76	618.885	0
0.5	0.0065854	71.625	548.115	619.74	2
0.4	0.0053586	71.875	547.575	619.45	2
0.3	0.005486	71.625	549.06	620.685	4
0.2	0.0052375	71.75	556.87	628.62	12
0.1	0.0054922	68.375	594.615	662.99	33
0	4.62E-05	34.625	843.755	878.38	45
1	0.0039745	87.25	620	707.25	0
0.9	0.0039805	87.25	620	707.25	0
0.8	0.0039867	87.25	620	707.25	0
0.7	0.0040239	87.25	620	707.25	0
0.6	0.0039487	87.25	620	707.25	0
0.5	0.0041467	87.25	620	707.25	0
0.4	0.0039689	87	620.985	707.985	2
0.3	0.0041482	86.75	622.565	709.315	4
0.2	0.0040676	85.875	632.9	718.775	15
0.1	0.0047218	81.375	676.245	757.62	35
0	4.36E-05	45.5	862.525	908.025	30
1	0.0049005	79.25	413.49	492.74	0
0.9	0.0044121	79.25	413.49	492.74	0
0.8	0.0044087	79.25	413.49	492.74	0
0.7	0.0048404	79.25	413.49	492.74	0
0.6	0.0043514	79.25	413.49	492.74	0
0.5	0.0045886	79.25	413.49	492.74	0
0.4	0.0047845	79.25	413.49	492.74	0
0.3	0.0044342	79.25	413.49	492.74	0
0.2	0.0048733	77.375	423.235	500.61	11
0.1	0.0040212	75.125	452.23	527.355	33
0	4.09E-05	38	642.395	680.395	34
1	0.005639	74.75	503.645	578.395	0
0.9	0.0056178	74.75	503.645	578.395	0
0.8	0.0058572	74.625	503.88	578.505	0
0.7	0.0059547	74.75	504.11	578.86	0
0.6	0.005763	74.75	503.645	578.395	0
0.5	0.006128	74.75	503.645	578.395	0
0.4	0.0053784	74.75	503.645	578.395	0
0.3	0.0053456	74.75	504.495	579.245	1
0.2	0.0061038	73.625	509.425	583.05	7
0.1	0.0052977	68.875	550.92	619.795	32
0	4.04E-05	32.5	742.76	775.26	35
1	0.006354	70.375	538.38	608.755	0
0.9	0.0063483	70.375	538.38	608.755	0
0.8	0.0063956	70.375	538.38	608.755	0
0.7	0.0061196	70.375	538.38	608.755	0
0.6	0.0063722	70.375	538.38	608.755	0
0.5	0.0063573	70.375	538.38	608.755	0
0.4	0.0063023	70.125	539.965	610.09	4
0.3	0.0074158	69.75	541.545	611.295	6
0.2	0.0061661	68.375	554.55	622.925	22
0.1	0.005007	64.375	589.835	654.21	43
0	4.71E-05	27.375	817.1	844.475	37
1	0.0038465	75.625	633.935	709.56	0
0.9	0.0035613	75.625	633.935	709.56	0
0.8	0.0037302	75.625	633.935	709.56	0
0.7	0.0039408	75.625	633.935	709.56	0
0.6	0.0038961	75.625	633.935	709.56	0
0.5	0.0038051	75.625	633.78	709.405	0
0.4	0.0038752	75.625	633.81	709.435	0
0.3	0.0041963	75.5	634.465	709.965	0
0.2	0.0041226	75.375	636.8	712.175	4
0.1	0.0043099	71.375	667.68	739.055	22
0	4.79E-05	41.75	848.905	890.655	27
1	0.007552	96.25	512.6	608.85	0
0.9	0.0070564	96.25	512.56	608.81	0
0.8	0.0075019	96.25	512.56	608.81	0
0.7	0.0068273	96.375	511.895	608.27	0
0.6	0.0067664	96.375	511.895	608.27	0
0.5	0.0063704	96.25	512.495	608.745	2
0.4	0.0066148	95.875	513.615	609.49	4
0.3	0.00623	95.875	513.615	609.49	4
0.2	0.0065085	93.25	523.035	616.285	11
0.1	0.0057296	83.625	570.285	653.91	29
0	5.64E-05	41.625	804.57	846.195	39
1	0.0071292	90.625	718.88	809.505	0
0.9	0.0069206	90.625	718.88	809.505	0
0.8	0.0074131	90.625	718.88	809.505	0
0.7	0.0070168	90.625	718.88	809.505	0
0.6	0.0072512	90.625	718.88	809.505	0
0.5	0.0068791	90.375	719.555	809.93	2
0.4	0.0066393	90.125	720.46	810.585	4
0.3	0.0066157	90.25	721.78	812.03	7
0.2	0.0069228	89.75	725.77	815.52	11
0.1	0.0054493	84.25	766.505	850.755	28
0	5.44E-05	32.625	1029.395	1062.02	41
1	0.0055751	90.125	458.46	548.585	0
0.9	0.0055704	90.125	458.46	548.585	0
0.8	0.0067124	90.125	458.46	548.585	0
0.7	0.0057148	90.125	458.46	548.585	0
0.6	0.0058206	90.125	458.46	548.585	0
0.5	0.005676	90.5	458.445	548.945	0
0.4	0.0057084	89.625	461.35	550.975	8
0.3	0.0055577	89.125	463.46	552.585	11
0.2	0.0055396	89.125	465.4	554.525	13
0.1	0.0054723	83.625	496.705	580.33	31
0	4.14E-05	38.875	792.135	831.01	47
1	0.0050284	82.5	638.31	720.81	0
0.9	0.0049937	82.75	637.93	720.68	0
0.8	0.0048177	82.75	637.93	720.68	0
0.7	0.0057324	82.875	637.6	720.475	0
0.6	0.0050234	82.875	637.6	720.475	0
0.5	0.0047233	82.625	638.08	720.705	0
0.4	0.0048795	82.625	638.08	720.705	0
0.3	0.0044327	82.625	639.32	721.945	2
0.2	0.0044037	80.375	644.035	724.41	4
0.1	0.0034661	78.75	660.655	739.405	14
0	3.54E-05	37.75	900.6	938.35	34
1	0.0061489	85.125	527.585	612.71	0
0.9	0.0061283	85.125	527.585	612.71	0
0.8	0.0062734	85.125	527.585	612.71	0
0.7	0.0062852	85.125	527.585	612.71	0
0.6	0.0066875	85.375	527.075	612.45	0
0.5	0.0059585	85.375	527.075	612.45	0
0.4	0.0060819	85.375	527.075	612.45	0
0.3	0.0060175	85.375	527.315	612.69	0
0.2	0.006269	83.625	533.555	617.18	6
0.1	0.0062203	75.125	575.445	650.57	29
0	5.92E-05	34.875	820.425	855.3	41
1	0.0050297	76.25	667.365	743.615	0
0.9	0.0049195	76.25	667.365	743.615	0
0.8	0.0049994	76.25	667.365	743.615	0
0.7	0.004943	76.25	667.365	743.615	0
0.6	0.0061906	76.25	667.365	743.615	0
0.5	0.004863	75.875	669.005	744.88	6
0.4	0.0048652	75.875	669.005	744.88	6
0.3	0.0049361	75.75	670.205	745.955	9
0.2	0.0045795	75	676.61	751.61	14
0.1	0.0047452	72.625	699.875	772.5	28
0	4.74E-05	26.625	948.395	975.02	37
1	0.0053418	93	479.86	572.86	0
0.9	0.0050895	93	479.86	572.86	0
0.8	0.0050269	93	479.86	572.86	0
0.7	0.0051981	93	479.86	572.86	0
0.6	0.0055943	93	480.86	573.86	0
0.5	0.0055115	92.875	480.89	573.765	0
0.4	0.0059014	92.875	480.89	573.765	0
0.3	0.0063347	92.375	483.34	575.715	4
0.2	0.0062926	90.75	491.005	581.755	14
0.1	0.0078804	82.5	534.38	616.88	39
0	3.54E-05	44.5	729.255	773.755	36
1	0.004303	76.125	677.545	753.67	0
0.9	0.0042485	76.125	677.545	753.67	0
0.8	0.0041849	76.125	677.545	753.67	0
0.7	0.0044156	76.125	677.545	753.67	0
0.6	0.0043931	76	677.54	753.54	0
0.5	0.0045317	75.75	678.55	754.3	4
0.4	0.0041792	75.5	679.58	755.08	5
0.3	0.0041085	75.875	680.8	756.675	7
0.2	0.0038819	75.125	685.68	760.805	12
0.1	0.0044394	71.625	712.37	783.995	29
0	3.66E-05	31.875	951.865	983.74	42
1	0.00554	64.25	737.92	802.17	0
0.9	0.0061365	64.25	737.92	802.17	0
0.8	0.0050761	64.25	737.92	802.17	0
0.7	0.0052765	64.25	737.92	802.17	0
0.6	0.0051675	64.375	737.93	802.305	0
0.5	0.0052754	64.375	738.04	802.415	0
0.4	0.0051988	63.875	739.65	803.525	4
0.3	0.0050271	63.75	739.65	803.4	4
0.2	0.0048749	63.25	745.315	808.565	10
0.1	0.004491	62.75	767.225	829.975	26
0	3.51E-05	33.125	1000.255	1033.38	40
1	0.0038767	88.5	728.995	817.495	0
0.9	0.0039314	88.5	728.995	817.495	0
0.8	0.0039136	88.5	728.995	817.495	0
0.7	0.0038855	88.75	728.66	817.41	0
0.6	0.0046578	88.75	728.66	817.41	0
0.5	0.0039272	88.75	728.66	817.41	0
0.4	0.0039511	88.25	730.415	818.665	4
0.3	0.0039424	88.25	730.415	818.665	4
0.2	0.0033871	87.25	737.85	825.1	12
0.1	0.0033137	85.875	754.565	840.44	23
0	3.50E-05	39.125	996.24	1035.365	38
1	0.0048929	82.125	610.725	692.85	0
0.9	0.0053501	82.125	610.725	692.85	0
0.8	0.0050897	82.125	610.725	692.85	0
0.7	0.004829	82.125	610.725	692.85	0
0.6	0.0051818	82.125	610.725	692.85	0
0.5	0.0049304	82.375	611.285	693.66	2
0.4	0.0052984	82.375	611.285	693.66	2
0.3	0.0058201	82.125	612.24	694.365	4
0.2	0.0064036	81.125	618.905	700.03	12
0.1	0.0047276	75.625	655.755	731.38	31
0	5.52E-05	37.375	887.8	925.175	42
1	0.0037773	83.125	596.655	679.78	0
0.9	0.0042711	83.125	596.655	679.78	0
0.8	0.0038928	83.125	596.655	679.78	0
0.7	0.003878	83.125	596.655	679.78	0
0.6	0.0048756	83.125	596.655	679.78	0
0.5	0.0047815	83.125	596.655	679.78	0
0.4	0.0053871	83.125	596.655	679.78	0
0.3	0.0039551	83.125	597.555	680.68	2
0.2	0.0042394	82.375	600.805	683.18	5
0.1	0.0038988	76.625	636.425	713.05	24
0	3.23E-05	41	863.8	904.8	38
1	0.0062329	91.375	699.32	790.695	0
0.9	0.0072039	91.375	699.32	790.695	0
0.8	0.0060199	91.375	699.32	790.695	0
0.7	0.0067999	91.375	699.32	790.695	0
0.6	0.0059402	91.375	699.32	790.695	0
0.5	0.0061839	91.25	699.425	790.675	0
0.4	0.0059614	91.25	699.425	790.675	0
0.3	0.0062065	91.25	699.425	790.675	0
0.2	0.0055261	89	710.76	799.76	14
0.1	0.005035	80.875	746.135	827.01	33
0	4.78E-05	33.25	1006.45	1039.7	45
1	0.0055338	84.125	420.945	505.07	0
0.9	0.0050007	84.125	420.945	505.07	0
0.8	0.0050196	84.125	420.945	505.07	0
0.7	0.005101	84.125	420.945	505.07	0
0.6	0.0050585	84.125	420.945	505.07	0
0.5	0.0050069	84.125	420.945	505.07	0
0.4	0.0049919	84.125	420.945	505.07	0
0.3	0.0049061	83.625	422.82	506.445	4
0.2	0.0048907	83.375	424.77	508.145	6
0.1	0.0042424	78.75	449.755	528.505	26
0	4.28E-05	40.75	707.425	748.175	46
1	0.004149	82.5	629.115	711.615	0
0.9	0.0047013	82.5	629.115	711.615	0
0.8	0.0039009	82.5	629.115	711.615	0
0.7	0.0037232	82.75	627.895	710.645	0
0.6	0.0038388	82.75	627.895	710.645	0
0.5	0.0037172	82.625	628.505	711.13	2
0.4	0.0038102	82.5	629.115	711.615	4
0.3	0.0038218	82.125	631.34	713.465	6
0.2	0.003469	81	639.79	720.79	17
0.1	0.0033225	78.5	663.9	742.4	33
0	3.10E-05	41.125	846.955	888.08	34
1	0.0052946	89.125	529.645	618.77	0
0.9	0.0047013	89.125	529.885	619.01	0
0.8	0.0048982	89.125	529.885	619.01	0
0.7	0.0054508	89.125	529.885	619.01	0
0.6	0.0052654	89.125	529.885	619.01	0
0.5	0.0050343	89.125	529.885	619.01	0
0.4	0.0049535	89.125	529.775	618.9	0
0.3	0.0054264	88.875	531.645	620.52	2
0.2	0.0064143	88.625	532.75	621.375	4
0.1	0.0053366	84.5	556.31	640.81	18
0	4.74E-05	39.75	838.36	878.11	44
1	0.0034726	81	751.415	832.415	0
0.9	0.0035046	81	751.415	832.415	0
0.8	0.0037161	81.125	751.19	832.315	0
0.7	0.0034268	81.125	751.19	832.315	0
0.6	0.0041176	81.125	751.155	832.28	0
0.5	0.0035919	81.25	750.915	832.165	0
0.4	0.0032529	81.25	750.95	832.2	0
0.3	0.0028132	81	755.08	836.08	3
0.2	0.0026818	80.5	760.455	840.955	11
0.1	0.0025141	76.75	785.55	862.3	26
0	2.54E-05	40.5	970.82	1011.32	32
1	0.0051701	80.625	592.64	673.265	0
0.9	0.0053541	80.625	592.64	673.265	0
0.8	0.0054905	80.625	592.64	673.265	0
0.7	0.005284	80.625	592.64	673.265	0
0.6	0.0053183	80.625	592.64	673.265	0
0.5	0.0059418	80.625	593.175	673.8	0
0.4	0.0053419	80.625	593.175	673.8	0
0.3	0.0054222	80.25	595.15	675.4	5
0.2	0.0050344	78.125	603.16	681.285	12
0.1	0.0052416	76.75	611.47	688.22	20
0	4.76E-05	31	864.68	895.68	40
1	0.0029705	91.25	557.84	649.09	0
0.9	0.0030468	91.25	557.84	649.09	0
0.8	0.0029719	91.25	557.84	649.09	0
0.7	0.0029512	91.25	557.84	649.09	0
0.6	0.0030686	91.25	557.84	649.09	0
0.5	0.0029554	91.25	557.84	649.09	0
0.4	0.0034357	91.25	557.72	648.97	0
0.3	0.0029972	91.375	558.42	649.795	2
0.2	0.0032418	90.375	562.76	653.135	8
0.1	0.0027094	86	596.305	682.305	24
0	2.23E-05	48.5	784.405	832.905	29
1	0.0046347	79.625	627.085	706.71	0
0.9	0.0041018	79.625	627.085	706.71	0
0.8	0.0038701	79.625	627.085	706.71	0
0.7	0.0038729	79.625	627.085	706.71	0
0.6	0.0041901	79.625	627.085	706.71	0
0.5	0.0042417	79.75	627.065	706.815	0
0.4	0.0035052	79.625	627.56	707.185	1
0.3	0.0046019	79.5	628.415	707.915	4
0.2	0.0035851	78.875	632.175	711.05	9
0.1	0.0040922	76.875	653.76	730.635	25
0	2.80E-05	38.25	890.3	928.55	33
1	0.0043094	76.5	630.635	707.135	0
0.9	0.0040773	76.5	630.635	707.135	0
0.8	0.0041258	76.5	630.635	707.135	0
0.7	0.0051924	76.5	630.635	707.135	0
0.6	0.0040753	76.5	630.635	707.135	0
0.5	0.0055073	76.5	630.635	707.135	0
0.4	0.0051934	76.5	630.635	707.135	0
0.3	0.0040713	75.875	632.875	708.75	4
0.2	0.0055131	74.75	637.84	712.59	10
0.1	0.0045497	73.5	658.515	732.015	23
0	3.44E-05	33.375	918.605	951.98	34
1	0.003712	79.375	555.55	634.925	0
0.9	0.004384	79.375	555.55	634.925	0
0.8	0.00404	79.375	555.55	634.925	0
0.7	0.0041084	79.375	555.55	634.925	0
0.6	0.0046458	79.375	555.55	634.925	0
0.5	0.0038834	79.375	555.55	634.925	0
0.4	0.0040251	79.375	556.13	635.505	2
0.3	0.0038136	79.375	556.13	635.505	2
0.2	0.0042457	79	558.39	637.39	5
0.1	0.0034915	78	574.855	652.855	18
0	2.65E-05	38.5	780.395	818.895	32
1	0.0032399	69.375	491.58	560.955	0
0.9	0.0033267	69.375	491.58	560.955	0
0.8	0.0031916	69.375	491.58	560.955	0
0.7	0.0033531	69.375	491.58	560.955	0
0.6	0.0032401	69.375	491.58	560.955	0
0.5	0.0034565	69.375	491.58	560.955	0
0.4	0.003455	69.75	491.485	561.235	0
0.3	0.003533	69.875	491.365	561.24	0
0.2	0.0031713	69.125	494.19	563.315	4
0.1	0.0034043	65.75	515.39	581.14	20
0	4.01E-05	38.625	743.11	781.735	34
1	0.0035475	82.75	683.685	766.435	0
0.9	0.0035017	82.75	683.685	766.435	0
0.8	0.0034015	82.75	683.685	766.435	0
0.7	0.0034799	82.75	683.685	766.435	0
0.6	0.0035433	83.375	680.165	763.54	0
0.5	0.0042513	83.375	680.165	763.54	0
0.4	0.0035979	83.25	680.89	764.14	1
0.3	0.0035931	82.875	683.695	766.57	9
0.2	0.0031251	82.5	687.535	770.035	15
0.1	0.0038861	80.5	701.19	781.69	26
0	2.61E-05	41.625	912.57	954.195	38
1	0.0042081	86.75	651.655	738.405	0
0.9	0.0041095	86.75	651.655	738.405	0
0.8	0.0040127	86.75	651.655	738.405	0
0.7	0.0039298	86.75	651.655	738.405	0
0.6	0.0041315	86.75	651.655	738.405	0
0.5	0.0043977	86.75	651.655	738.405	0
0.4	0.0040909	86.75	651.655	738.405	0
0.3	0.0040497	86.25	653.385	739.635	4
0.2	0.004039	85.75	657.36	743.11	9
0.1	0.0041635	78.5	686.325	764.825	24
0	4.47E-05	37.875	950.17	988.045	43
1	0.0048492	79.125	567.1	646.225	0
0.9	0.0038663	79.125	567.1	646.225	0
0.8	0.003816	79.125	567.1	646.225	0
0.7	0.0036334	79.125	567.1	646.225	0
0.6	0.004319	79.125	567.1	646.225	0
0.5	0.003648	79.125	567.1	646.225	0
0.4	0.0036238	79.125	567.1	646.225	0
0.3	0.0040188	78.875	568.615	647.49	4
0.2	0.0035727	78.875	568.615	647.49	4
0.1	0.003705	77.375	581.875	659.25	16
0	2.77E-05	42.375	786.635	829.01	34
1	0.0052599	94.625	432.845	527.47	0
0.9	0.0051497	94.625	432.845	527.47	0
0.8	0.0053365	94.5	432.51	527.01	0
0.7	0.0050766	94.5	432.51	527.01	0
0.6	0.0049906	94.5	432.51	527.01	0
0.5	0.0053112	94.5	432.51	527.01	0
0.4	0.0056479	94.5	432.435	526.935	0
0.3	0.0053857	94.25	434.43	528.68	6
0.2	0.005065	94.25	435.105	529.355	8
0.1	0.0048322	92.125	452.415	544.54	27
0	4.09E-05	47.625	683.8	731.425	32
1	0.0036649	83.5	598.39	681.89	0
0.9	0.0037645	83.5	598.39	681.89	0
0.8	0.0036797	83.5	598.39	681.89	0
0.7	0.0037349	83.5	598.39	681.89	0
0.6	0.0036922	83.5	598.39	681.89	0
0.5	0.0036748	83.125	598.63	681.755	0
0.4	0.0035692	83.125	598.63	681.755	0
0.3	0.0037933	83.5	598.88	682.38	4
0.2	0.0035873	83.5	600.175	683.675	6
0.1	0.003523	82.5	613.805	696.305	20
0	3.55E-05	50.875	784.365	835.24	28
1	0.0047583	87.625	509.235	596.86	0
0.9	0.0054744	87.625	509.235	596.86	0
0.8	0.0047788	87.625	509.235	596.86	0
0.7	0.0050606	87.625	509.235	596.86	0
0.6	0.0047411	87.625	509.235	596.86	0
0.5	0.0049321	87.625	509.235	596.86	0
0.4	0.0048692	87.875	508.89	596.765	0
0.3	0.0048207	87.75	509.95	597.7	3
0.2	0.0047543	87.5	511.03	598.53	4
0.1	0.0047787	82.75	532.995	615.745	19
0	3.28E-05	41.125	768.045	809.17	32
1	0.0069456	74.875	601.315	676.19	0
0.9	0.007201	74.875	601.315	676.19	0
0.8	0.0083491	74.875	601.315	676.19	0
0.7	0.0076209	74.875	601.315	676.19	0
0.6	0.0072552	74.875	601.315	676.19	0
0.5	0.0069963	74.875	601.315	676.19	0
0.4	0.0070527	74.875	601.315	676.19	0
0.3	0.0070257	74.75	602.075	676.825	2
0.2	0.0072756	75.125	603.865	678.99	5
0.1	0.0073274	73.375	615.345	688.72	14
0	5.00E-05	30.5	955.195	985.695	45
1	0.0047483	80.125	611.86	691.985	0
0.9	0.00536	80.25	611.55	691.8	0
0.8	0.005515	80.25	611.55	691.8	0
0.7	0.0050427	80.25	611.55	691.8	0
0.6	0.0049174	80.25	611.52	691.77	0
0.5	0.0051346	79.375	614.075	693.45	0
0.4	0.005294	79.375	613.65	693.025	0
0.3	0.0044462	79.375	614.005	693.38	2
0.2	0.0047092	79.375	615.315	694.69	3
0.1	0.0034037	74.375	642.675	717.05	20
0	5.18E-05	38.625	873.315	911.94	34
1	0.0044226	80.875	509.75	590.625	0
0.9	0.0044089	80.875	509.75	590.625	0
0.8	0.0045337	80.875	509.75	590.625	0
0.7	0.0043717	80.875	509.75	590.625	0
0.6	0.0044437	80.875	509.75	590.625	0
0.5	0.0050302	80.875	509.75	590.625	0
0.4	0.0044428	80.875	509.75	590.625	0
0.3	0.0046007	80.875	509.75	590.625	0
0.2	0.0040883	80.25	514.31	594.56	8
0.1	0.0041565	79	522.86	601.86	15
0	2.72E-05	37.875	768.53	806.405	30
1	0.0059439	70.75	574.76	645.51	0
0.9	0.0061498	70.75	574.76	645.51	0
0.8	0.0059076	70.75	574.765	645.515	0
0.7	0.0058325	70.75	574.765	645.515	0
0.6	0.0058364	70.75	574.765	645.515	0
0.5	0.0067578	70.75	574.765	645.515	0
0.4	0.0066851	70.75	574.73	645.48	0
0.3	0.0056817	70.75	574.73	645.48	0
0.2	0.0058153	70.5	578.53	649.03	8
0.1	0.0053072	67.5	598.79	666.29	22
0	5.34E-05	19.75	869.22	888.97	38
1	0.0055042	86.375	497.155	583.53	0
0.9	0.0052583	86.375	497.155	583.53	0
0.8	0.0050866	86.625	496.545	583.17	0
0.7	0.0055396	86.625	496.545	583.17	0
0.6	0.0051658	86.625	496.545	583.17	0
0.5	0.0059496	86.625	496.545	583.17	0
0.4	0.005199	86.625	496.545	583.17	0
0.3	0.005341	86.625	496.545	583.17	0
0.2	0.0050616	85.5	499.14	584.64	1
0.1	0.0049002	81.875	523.18	605.055	20
0	6.29E-05	27.625	830.195	857.82	38
1	0.0045786	71.125	692.085	763.21	0
0.9	0.0045543	71.125	692.085	763.21	0
0.8	0.0048662	71.125	692.085	763.21	0
0.7	0.0045147	71.125	692.085	763.21	0
0.6	0.0046441	71.125	692.085	763.21	0
0.5	0.0054114	71	692.45	763.45	0
0.4	0.0046734	70.875	692.84	763.715	0
0.3	0.004725	70.875	692.84	763.715	0
0.2	0.0045454	70	697.315	767.315	7
0.1	0.0037131	67.125	713.9	781.025	16
0	4.35E-05	27.625	946.455	974.08	37
1	0.0046875	61.75	747.42	809.17	0
0.9	0.004777	61.75	747.42	809.17	0
0.8	0.0044482	61.75	747.42	809.17	0
0.7	0.0045449	61.75	747.42	809.17	0
0.6	0.0044418	61.75	747.42	809.17	0
0.5	0.0046417	61.25	747.55	808.8	0
0.4	0.0052827	61.25	747.55	808.8	0
0.3	0.0045994	61.375	749.835	811.21	4
0.2	0.0041398	60.375	754.155	814.53	10
0.1	0.0043015	57.25	772.24	829.49	23
0	8.00E-05	25.375	995.165	1020.54	35
1	0.0045253	76.5	596.67	673.17	0
0.9	0.0043357	76.875	594.64	671.515	0
0.8	0.0044273	76.875	594.64	671.515	0
0.7	0.0043368	76.875	594.81	671.685	0
0.6	0.0043599	76.875	594.81	671.685	0
0.5	0.0044858	76.625	595.6	672.225	0
0.4	0.005377	76.625	595.6	672.225	0
0.3	0.0043801	76.5	596.215	672.715	2
0.2	0.0049427	76.375	599.015	675.39	4
0.1	0.0039612	74.375	618.245	692.62	18
0	2.81E-05	30.625	925.99	956.615	46
1	0.0042155	92.375	669.645	762.02	0
0.9	0.0041136	92.375	669.645	762.02	0
0.8	0.0039968	92.375	669.645	762.02	0
0.7	0.0042045	92.375	669.645	762.02	0
0.6	0.0040129	92.375	669.645	762.02	0
0.5	0.0040308	92	670.565	762.565	0
0.4	0.0050663	92.25	670.18	762.43	2
0.3	0.0041776	90.875	672.455	763.33	2
0.2	0.003436	90.25	677.105	767.355	8
0.1	0.0048517	88.625	692.075	780.7	18
0	2.89E-05	45.625	945.875	991.5	35
1	0.0058912	83.125	545.295	628.42	0
0.9	0.0063183	83.125	545.295	628.42	0
0.8	0.0059308	83.125	545.295	628.42	0
0.7	0.0060475	83.125	545.295	628.42	0
0.6	0.0056265	83.125	545.295	628.42	0
0.5	0.0069158	82.875	545.565	628.44	0
0.4	0.005647	82.875	545.675	628.55	0
0.3	0.0059608	82.875	545.635	628.51	0
0.2	0.0055226	82.75	546.26	629.01	1
0.1	0.0050053	80.75	561.935	642.685	12
0	4.49E-05	39.625	796.805	836.43	35
1	0.0043375	78.625	513.26	591.885	0
0.9	0.0043875	78.625	513.26	591.885	0
0.8	0.0041345	78.625	513.26	591.885	0
0.7	0.0041386	78.625	513.26	591.885	0
0.6	0.0040864	78.625	513.26	591.885	0
0.5	0.0053353	78.625	513.26	591.885	0
0.4	0.0039665	78.25	515.81	594.06	6
0.3	0.0039148	78.25	515.81	594.06	6
0.2	0.0043936	77.5	519.52	597.02	10
0.1	0.0042382	76.25	536.015	612.265	24
0	3.92E-05	31.375	781.53	812.905	39
1	0.004597	68.625	527.175	595.8	0
0.9	0.0047186	68.625	527.175	595.8	0
0.8	0.0048536	68.625	527.175	595.8	0
0.7	0.0045755	68.625	527.175	595.8	0
0.6	0.0048795	68.625	527.175	595.8	0
0.5	0.0047258	68.625	527.175	595.8	0
0.4	0.0048123	68.625	527.175	595.8	0
0.3	0.0048939	68.375	527.925	596.3	2
0.2	0.005704	68.25	527.725	595.975	2
0.1	0.0058053	66.125	539.185	605.31	16
0	5.80E-05	31.625	750.585	782.21	41
1	0.0063238	85.125	634.47	719.595	0
0.9	0.0065839	85.125	634.47	719.595	0
0.8	0.0064303	85.25	634.24	719.49	0
0.7	0.0066889	85.25	634.24	719.49	0
0.6	0.0061496	85.25	634.24	719.49	0
0.5	0.0062349	85.25	634.24	719.49	0
0.4	0.0063953	85.125	634.635	719.76	0
0.3	0.0071377	85	634.865	719.865	0
0.2	0.0060373	84.625	637.51	722.135	3
0.1	0.005139	78.625	672.93	751.555	23
0	7.67E-05	27.125	960.32	987.445	44
1	0.0071826	79.125	588.785	667.91	0
0.9	0.0061412	79.125	588.785	667.91	0
0.8	0.0069213	79.25	588.695	667.945	0
0.7	0.0064351	79.25	588.695	667.945	0
0.6	0.0065387	79.375	588.605	667.98	0
0.5	0.0062511	79.375	588.605	667.98	0
0.4	0.006091	78.875	589.125	668	0
0.3	0.0061967	78.375	590.775	669.15	4
0.2	0.0059242	78.375	591.505	669.88	6
0.1	0.0059444	73.375	613.905	687.28	27
0	4.12E-05	27.625	869.43	897.055	43
1	0.0056797	98	485.05	583.05	0
0.9	0.0056734	98	485.05	583.05	0
0.8	0.0056365	98	485.05	583.05	0
0.7	0.0058098	98	485.05	583.05	0
0.6	0.005603	98	485.05	583.05	0
0.5	0.0066045	98	485.05	583.05	0
0.4	0.0056138	98	485.05	583.05	0
0.3	0.0055923	98	485.05	583.05	0
0.2	0.0055538	97.75	487.31	585.06	2
0.1	0.0052146	97	492.6	589.6	9
0	4.60E-05	44.25	804.8	849.05	41
1	0.003682	71.125	606.195	677.32	0
0.9	0.0036268	71.125	606.195	677.32	0
0.8	0.0035834	71.125	606.195	677.32	0
0.7	0.0036929	71.125	606.195	677.32	0
0.6	0.0038434	71.125	606.195	677.32	0
0.5	0.0038863	71.125	606.195	677.32	0
0.4	0.0037201	71.125	606.195	677.32	0
0.3	0.0040647	71	606.84	677.84	2
0.2	0.0038455	70.75	609.28	680.03	7
0.1	0.0032539	68.875	626.04	694.915	22
0	3.90E-05	36.125	862.175	898.3	42
1	0.0041007	83.75	577.01	660.76	0
0.9	0.0035395	83.75	577.01	660.76	0
0.8	0.0036203	83.75	577.01	660.76	0
0.7	0.0037657	83.75	577.01	660.76	0
0.6	0.0036539	83.75	577.01	660.76	0
0.5	0.0041343	83.75	577.01	660.76	0
0.4	0.0036787	83.75	577.01	660.76	0
0.3	0.0038205	84.25	576.03	660.28	0
0.2	0.003399	84.125	577.375	661.5	1
0.1	0.003002	82.25	591.12	673.37	14
0	3.10E-05	47.25	749.83	797.08	29
1	0.0048415	78	611.545	689.545	0
0.9	0.0047767	78	611.545	689.545	0
0.8	0.0057307	78	611.545	689.545	0
0.7	0.0048674	78	611.545	689.545	0
0.6	0.00521	78.125	611.255	689.38	0
0.5	0.0051028	78.125	611.255	689.38	0
0.4	0.0048504	78.125	611.39	689.515	1
0.3	0.0048078	78.125	611.39	689.515	1
0.2	0.0045146	77.875	613.39	691.265	5
0.1	0.0043673	77.375	617.765	695.14	10
0	3.61E-05	38.875	898.01	936.885	36