1   0.0001  0.010208000
5   0.0001  0.013025000
25  0.0001  0.012913400
125 0.0001  0.013123700
1   0.0001  0.004165900
5   0.0001  0.004150500
25  0.0001  0.005560200
125 0.0001  0.004062500
1   0.0001  0.011621300
5   0.0001  0.011592000
25  0.0001  0.010382500
125 0.0001  0.010618100
1   0.0001  0.004426400
5   0.0001  0.004240200
25  0.0001  0.004215600
125 0.0001  0.004695000
1   0.0001  0.004406700
5   0.0001  0.004514900
25  0.0001  0.004881900
125 0.0001  0.004865500
1   0.0001  0.009248500
5   0.0001  0.009711100
25  0.0001  0.010007600
125 0.0001  0.009932000
1   0.0001  0.009173800
5   0.0001  0.009313400
25  0.0001  0.009233200
125 0.0001  0.009474300
1   0.0001  0.004183700
5   0.0001  0.004396700
25  0.0001  0.004289000
125 0.0001  0.004430400
1   0.0001  0.004447100
5   0.0001  0.004312800
25  0.0001  0.004236300
125 0.0001  0.004437900
1   0.0001  0.004429800
5   0.0001  0.004316500
25  0.0001  0.004236900
125 0.0001  0.005867600
1   0.0001  0.004347800
5   0.0001  0.004232100
25  0.0001  0.004334300
125 0.0001  0.004254400
1   0.0001  0.004366000
5   0.0001  0.004482900
25  0.0001  0.004394100
125 0.0001  0.004562700
1   0.0001  0.009641900
5   0.0001  0.009696400
25  0.0001  0.009956000
125 0.0001  0.010039800
1   0.0001  0.009243000
5   0.0001  0.009427000
25  0.0001  0.009362600
125 0.0001  0.009695400
1   0.0001  0.004645000
5   0.0001  0.004429300
25  0.0001  0.004428300
125 0.0001  0.004470300
1   0.0001  0.004463900
5   0.0001  0.004421900
25  0.0001  0.004443200
125 0.0001  0.004416600
1   0.0001  0.004394000
5   0.0001  0.004346300
25  0.0001  0.004388600
125 0.0001  0.004352200
1   0.0001  0.004522300
5   0.0001  0.004557700
25  0.0001  0.004834600
125 0.0001  0.004866700
1   0.0001  0.004131000
5   0.0001  0.004159000
25  0.0001  0.004167300
125 0.0001  0.004293200
1   0.0001  0.004146200
5   0.0001  0.004156300
25  0.0001  0.004167500
125 0.0001  0.004292200
1   0.0001  0.004197800
5   0.0001  0.004058200
25  0.0001  0.004073400
125 0.0001  0.004042800
1   0.0001  0.004199800
5   0.0001  0.004366900
25  0.0001  0.004222000
125 0.0001  0.004214200
1   0.0001  0.004433300
5   0.0001  0.004462700
25  0.0001  0.004403800
125 0.0001  0.004551700
1   0.0001  0.004392300
5   0.0001  0.004080500
25  0.0001  0.004236600
125 0.0001  0.004652800
1   0.0001  0.004265900
5   0.0001  0.004486700
25  0.0001  0.004484300
125 0.0001  0.004285800
1   0.0001  0.004194000
5   0.0001  0.004246000
25  0.0001  0.004331300
125 0.0001  0.004144100
1   0.0001  0.004165000
5   0.0001  0.004155400
25  0.0001  0.004172100
125 0.0001  0.004165000
1   0.0001  0.004406600
5   0.0001  0.004425200
25  0.0001  0.004343500
125 0.0001  0.004445800
1   0.0001  0.004649700
5   0.0001  0.004445100
25  0.0001  0.004624800
125 0.0001  0.004503600
1   0.0001  0.004149200
5   0.0001  0.004499400
25  0.0001  0.004327100
125 0.0001  0.004138900
1   0.0001  0.005497200
5   0.0001  0.006360800
25  0.0001  0.006323400
125 0.0001  0.005439900
1   0.0001  0.004742000
5   0.0001  0.004504200
25  0.0001  0.004542100
125 0.0001  0.004670000
1   0.0001  0.004737500
5   0.0001  0.004472700
25  0.0001  0.004497600
125 0.0001  0.004599100
1   0.0001  0.004228300
5   0.0001  0.004384300
25  0.0001  0.004288500
125 0.0001  0.004285900
1   0.0001  0.004436100
5   0.0001  0.004475900
25  0.0001  0.004634000
125 0.0001  0.004661700
1   0.0001  0.003985600
5   0.0001  0.003968000
25  0.0001  0.004019400
125 0.0001  0.004081600
1   0.0001  0.004345200
5   0.0001  0.004364500
25  0.0001  0.008062300
125 0.0001  0.004327900
1   0.0001  0.004438300
5   0.0001  0.004248300
25  0.0001  0.004549200
125 0.0001  0.004369000
1   0.0001  0.005119700
5   0.0001  0.004734000
25  0.0001  0.004714300
125 0.0001  0.004669600
1   0.0001  0.004316100
5   0.0001  0.004384100
25  0.0001  0.004335200
125 0.0001  0.004340500
1   0.0001  0.004131700
5   0.0001  0.004256800
25  0.0001  0.004177600
125 0.0001  0.004122700
1   0.0001  0.004711700
5   0.0001  0.004705300
25  0.0001  0.004706700
125 0.0001  0.004830300
1   0.0001  0.004431200
5   0.0001  0.004540100
25  0.0001  0.004502400
125 0.0001  0.004605100
1   0.0001  0.004414100
5   0.0001  0.004502100
25  0.0001  0.004382000
125 0.0001  0.004398400
1   0.0001  0.004447700
5   0.0001  0.004360900
25  0.0001  0.004821700
125 0.0001  0.004437500
1   0.0001  0.004483900
5   0.0001  0.005253700
25  0.0001  0.004254300
125 0.0001  0.007238900
1   0.0001  0.004809100
5   0.0001  0.004904600
25  0.0001  0.004495100
125 0.0001  0.004728900
1   0.0001  0.004444800
5   0.0001  0.004374400
25  0.0001  0.004349600
125 0.0001  0.004379800
1   0.0001  0.006535700
5   0.0001  0.004154200
25  0.0001  0.004223400
125 0.0001  0.004454300
1   0.0001  0.004622300
5   0.0001  0.004478900
25  0.0001  0.004554200
125 0.0001  0.004573400
1   0.0001  0.004848500
5   0.0001  0.004757200
25  0.0001  0.004623700
125 0.0001  0.004979000
1   0.0001  0.004918200
5   0.0001  0.004622600
25  0.0001  0.004727600
125 0.0001  0.004572800
1   0.0001  0.004619800
5   0.0001  0.004615300
25  0.0001  0.004391700
125 0.0001  0.004413600
1   0.0001  0.004268800
5   0.0001  0.004743400
25  0.0001  0.004326000
125 0.0001  0.005240600
1   0.0001  0.004840000
5   0.0001  0.004687000
25  0.0001  0.004685600
125 0.0001  0.004624300
1   0.0001  0.004512800
5   0.0001  0.004391700
25  0.0001  0.004400000
125 0.0001  0.004397600
1   0.0001  0.004672400
5   0.0001  0.004928900
25  0.0001  0.004626900
125 0.0001  0.004615600
1   0.0001  0.004357100
5   0.0001  0.004436400
25  0.0001  0.004337400
125 0.0001  0.004301000
1   0.0001  0.004529100
5   0.0001  0.004420800
25  0.0001  0.004338400
125 0.0001  0.004415800
1   0.0001  0.004450000
5   0.0001  0.004299900
25  0.0001  0.004360200
125 0.0001  0.004667100
1   0.0001  0.004451800
5   0.0001  0.004410700
25  0.0001  0.004409100
125 0.0001  0.004453500
1   0.0001  0.004520200
5   0.0001  0.004534400
25  0.0001  0.004644100
125 0.0001  0.004529700
1   0.0001  0.004213500
5   0.0001  0.004290200
25  0.0001  0.004296400
125 0.0001  0.004524700
1   0.0001  0.004259000
5   0.0001  0.004323600
25  0.0001  0.004549900
125 0.0001  0.004498800
1   0.0001  0.004768600
5   0.0001  0.004279000
25  0.0001  0.004387700
125 0.0001  0.004283900
1   0.0001  0.004604500
5   0.0001  0.004578600
25  0.0001  0.004643800
125 0.0001  0.004526800
1   0.0001  0.004052200
5   0.0001  0.004052400
25  0.0001  0.004057000
125 0.0001  0.004223500
1   0.0001  0.004158100
5   0.0001  0.004169200
25  0.0001  0.004186200
125 0.0001  0.004358300
1   0.0001  0.004291600
5   0.0001  0.004368200
25  0.0001  0.004355600
125 0.0001  0.004438000
1   0.0001  0.004661000
5   0.0001  0.004641500
25  0.0001  0.004718700
125 0.0001  0.004629200
1   0.0001  0.004389200
5   0.0001  0.005252600
25  0.0001  0.006886500
125 0.0001  0.004071900
1   0.0001  0.004361500
5   0.0001  0.004309500
25  0.0001  0.004554300
125 0.0001  0.004425300
1   0.0001  0.004631900
5   0.0001  0.004058600
25  0.0001  0.004150600
125 0.0001  0.004032200
1   0.0001  0.004389900
5   0.0001  0.004369700
25  0.0001  0.004510300
125 0.0001  0.004429500
1   0.0001  0.004272900
5   0.0001  0.004375700
25  0.0001  0.004250100
125 0.0001  0.004214700
1   0.0001  0.004439900
5   0.0001  0.004335800
25  0.0001  0.004515500
125 0.0001  0.004656400
1   0.0001  0.004499400
5   0.0001  0.004548000
25  0.0001  0.004487600
125 0.0001  0.004453400
1   0.0001  0.004546200
5   0.0001  0.004743000
25  0.0001  0.004540500
125 0.0001  0.004574000
1   0.0001  0.004292000
5   0.0001  0.004367100
25  0.0001  0.004297100
125 0.0001  0.004251600
1   0.0001  0.004699900
5   0.0001  0.004708100
25  0.0001  0.004943000
125 0.0001  0.004644900
1   0.0001  0.004652600
5   0.0001  0.004536700
25  0.0001  0.004551100
125 0.0001  0.004568600
1   0.0001  0.004287600
5   0.0001  0.004222800
25  0.0001  0.004215500
125 0.0001  0.004429900
1   0.0001  0.004499500
5   0.0001  0.004434200
25  0.0001  0.004480900
125 0.0001  0.004670400
1   0.0001  0.004473100
5   0.0001  0.004475700
25  0.0001  0.004492100
125 0.0001  0.004717500
1   0.0001  0.004481100
5   0.0001  0.004463900
25  0.0001  0.004615400
125 0.0001  0.004477400
1   0.0001  0.004204700
5   0.0001  0.004230400
25  0.0001  0.004161800
125 0.0001  0.004288400
1   0.0001  0.004574300
5   0.0001  0.004547100
25  0.0001  0.004953000
125 0.0001  0.004465200
1   0.0001  0.004475800
5   0.0001  0.004495500
25  0.0001  0.004637400
125 0.0001  0.004516500
1   0.0001  0.004578800
5   0.0001  0.004581100
25  0.0001  0.004499000
125 0.0001  0.004525900
1   0.0001  0.004516300
5   0.0001  0.004395300
25  0.0001  0.004325600
125 0.0001  0.004403600
1   0.0001  0.004490200
5   0.0001  0.004336100
25  0.0001  0.004324800
125 0.0001  0.004369000
1   0.0001  0.004443400
5   0.0001  0.004250100
25  0.0001  0.004278400
125 0.0001  0.004287100
1   0.0001  0.004496800
5   0.0001  0.004499200
25  0.0001  0.004382400
125 0.0001  0.004758600
1   0.0001  0.004444800
5   0.0001  0.004240000
25  0.0001  0.004711400
125 0.0001  0.006597200
1   0.0001  0.004293500
5   0.0001  0.004310400
25  0.0001  0.004285100
125 0.0001  0.004299900
1   0.0001  0.004580600
5   0.0001  0.004678700
25  0.0001  0.004585500
125 0.0001  0.004739000
1   0.0001  0.004330200
5   0.0001  0.004335600
25  0.0001  0.004564400
125 0.0001  0.004353100
1   0.0001  0.004293400
5   0.0001  0.004261300
25  0.0001  0.004796000
125 0.0001  0.004290500
1   0.0001  0.004780800
5   0.0001  0.004659700
25  0.0001  0.004735100
125 0.0001  0.004918300
1   0.0001  0.004627400
5   0.0001  0.004423700
25  0.0001  0.004424500
125 0.0001  0.004505900
1   0.001   0.004794700
5   0.001   0.005097500
25  0.001   0.006139400
125 0.001   0.009386600
1   0.001   0.004106100
5   0.001   0.004195300
25  0.001   0.004072200
125 0.001   0.005774300
1   0.001   0.010633900
5   0.001   0.009442800
25  0.001   0.009922700
125 0.001   0.012399700
1   0.001   0.004860900
5   0.001   0.004936500
25  0.001   0.004441500
125 0.001   0.004214500
1   0.001   0.005047000
5   0.001   0.004508200
25  0.001   0.004489300
125 0.001   0.004426800
1   0.001   0.004780000
5   0.001   0.005596100
25  0.001   0.004699000
125 0.001   0.006060300
1   0.001   0.009314400
5   0.001   0.009222600
25  0.001   0.009310100
125 0.001   0.009507200
1   0.001   0.003907400
5   0.001   0.003956100
25  0.001   0.003929300
125 0.001   0.004043800
1   0.001   0.004376400
5   0.001   0.004204400
25  0.001   0.004199800
125 0.001   0.004262600
1   0.001   0.004244200
5   0.001   0.004201300
25  0.001   0.004336400
125 0.001   0.004298800
1   0.001   0.004250600
5   0.001   0.004355500
25  0.001   0.004238400
125 0.001   0.004453200
1   0.001   0.004411400
5   0.001   0.004388600
25  0.001   0.004535700
125 0.001   0.004400900
1   0.001   0.004708200
5   0.001   0.004427100
25  0.001   0.004551900
125 0.001   0.008962700
1   0.001   0.009185100
5   0.001   0.009423600
25  0.001   0.009100800
125 0.001   0.009406800
1   0.001   0.004636300
5   0.001   0.004706300
25  0.001   0.004433100
125 0.001   0.004694100
1   0.001   0.004819900
5   0.001   0.004440800
25  0.001   0.004420700
125 0.001   0.004690500
1   0.001   0.004299600
5   0.001   0.004364800
25  0.001   0.004321200
125 0.001   0.004648300
1   0.001   0.004442100
5   0.001   0.004640000
25  0.001   0.004648000
125 0.001   0.004630500
1   0.001   0.004114200
5   0.001   0.004094100
25  0.001   0.004346000
125 0.001   0.004114900
1   0.001   0.004244500
5   0.001   0.004161100
25  0.001   0.004256800
125 0.001   0.004210300
1   0.001   0.004065900
5   0.001   0.004177500
25  0.001   0.004176200
125 0.001   0.004273200
1   0.001   0.004226900
5   0.001   0.004225200
25  0.001   0.004155400
125 0.001   0.004431500
1   0.001   0.006248700
5   0.001   0.004761300
25  0.001   0.004517300
125 0.001   0.004346800
1   0.001   0.004279000
5   0.001   0.004158500
25  0.001   0.004189100
125 0.001   0.005833900
1   0.001   0.004249300
5   0.001   0.004817300
25  0.001   0.004283600
125 0.001   0.004291600
1   0.001   0.004114100
5   0.001   0.004475500
25  0.001   0.004342500
125 0.001   0.004129600
1   0.001   0.005065800
5   0.001   0.007715800
25  0.001   0.005289000
125 0.001   0.005714000
1   0.001   0.004314200
5   0.001   0.004307000
25  0.001   0.004406500
125 0.001   0.004474700
1   0.001   0.004451400
5   0.001   0.004456300
25  0.001   0.004599800
125 0.001   0.004665900
1   0.001   0.005850200
5   0.001   0.005541400
25  0.001   0.004083500
125 0.001   0.004325500
1   0.001   0.004688000
5   0.001   0.004616000
25  0.001   0.004722000
125 0.001   0.004791300
1   0.001   0.004445700
5   0.001   0.004484500
25  0.001   0.004514700
125 0.001   0.004688700
1   0.001   0.004392400
5   0.001   0.004491200
25  0.001   0.004529700
125 0.001   0.006008800
1   0.001   0.004205400
5   0.001   0.006244300
25  0.001   0.004361800
125 0.001   0.004272300
1   0.001   0.004355100
5   0.001   0.004353400
25  0.001   0.004704000
125 0.001   0.004457200
1   0.001   0.004240800
5   0.001   0.004004800
25  0.001   0.004249300
125 0.001   0.004513200
1   0.001   0.004184100
5   0.001   0.004248600
25  0.001   0.004906400
125 0.001   0.004322800
1   0.001   0.004628700
5   0.001   0.005909800
25  0.001   0.006052900
125 0.001   0.005034300
1   0.001   0.007523900
5   0.001   0.005636800
25  0.001   0.005226400
125 0.001   0.007153400
1   0.001   0.004321100
5   0.001   0.004236100
25  0.001   0.004378900
125 0.001   0.004505900
1   0.001   0.004134700
5   0.001   0.004151300
25  0.001   0.004132100
125 0.001   0.004416000
1   0.001   0.004646900
5   0.001   0.004654800
25  0.001   0.004679500
125 0.001   0.004793100
1   0.001   0.004461200
5   0.001   0.004492500
25  0.001   0.004759200
125 0.001   0.004506000
1   0.001   0.004183000
5   0.001   0.004258700
25  0.001   0.005149700
125 0.001   0.004613900
1   0.001   0.004396900
5   0.001   0.004356500
25  0.001   0.004825300
125 0.001   0.004368700
1   0.001   0.004311800
5   0.001   0.004388800
25  0.001   0.004336400
125 0.001   0.004342900
1   0.001   0.004474600
5   0.001   0.004349800
25  0.001   0.004502700
125 0.001   0.004723200
1   0.001   0.004341800
5   0.001   0.004361200
25  0.001   0.004627700
125 0.001   0.004397500
1   0.001   0.004346000
5   0.001   0.004351100
25  0.001   0.004115800
125 0.001   0.004193000
1   0.001   0.004683700
5   0.001   0.004448100
25  0.001   0.004512500
125 0.001   0.004444600
1   0.001   0.004508900
5   0.001   0.004822900
25  0.001   0.004623700
125 0.001   0.004771000
1   0.001   0.004538300
5   0.001   0.004770900
25  0.001   0.004630600
125 0.001   0.004654100
1   0.001   0.004380700
5   0.001   0.004578500
25  0.001   0.004414400
125 0.001   0.004717100
1   0.001   0.004339100
5   0.001   0.004450100
25  0.001   0.004274700
125 0.001   0.004279000
1   0.001   0.004671500
5   0.001   0.004608700
25  0.001   0.004689200
125 0.001   0.004669500
1   0.001   0.004434500
5   0.001   0.004334600
25  0.001   0.004364600
125 0.001   0.004363700
1   0.001   0.005004300
5   0.001   0.004689800
25  0.001   0.004576800
125 0.001   0.004560900
1   0.001   0.004425000
5   0.001   0.004306000
25  0.001   0.004327100
125 0.001   0.004318100
1   0.001   0.008426500
5   0.001   0.004382100
25  0.001   0.004421700
125 0.001   0.004434600
1   0.001   0.004331500
5   0.001   0.004273000
25  0.001   0.004342500
125 0.001   0.004300600
1   0.001   0.004333000
5   0.001   0.004351400
25  0.001   0.004602500
125 0.001   0.009734500
1   0.001   0.004488600
5   0.001   0.006023300
25  0.001   0.004706900
125 0.001   0.004736800
1   0.001   0.004176700
5   0.001   0.004244800
25  0.001   0.004381700
125 0.001   0.004266300
1   0.001   0.004505200
5   0.001   0.009281200
25  0.001   0.004336600
125 0.001   0.004223400
1   0.001   0.004347500
5   0.001   0.004331300
25  0.001   0.004513900
125 0.001   0.004270900
1   0.001   0.004545200
5   0.001   0.004777100
25  0.001   0.004659500
125 0.001   0.004495500
1   0.001   0.004049000
5   0.001   0.004159400
25  0.001   0.004023000
125 0.001   0.004038300
1   0.001   0.004188100
5   0.001   0.004150700
25  0.001   0.004523300
125 0.001   0.004279600
1   0.001   0.004329800
5   0.001   0.004296600
25  0.001   0.004442400
125 0.001   0.004322700
1   0.001   0.004897800
5   0.001   0.004775800
25  0.001   0.004626300
125 0.001   0.004659400
1   0.001   0.004126900
5   0.001   0.004076600
25  0.001   0.004296000
125 0.001   0.004337400
1   0.001   0.004379500
5   0.001   0.004408900
25  0.001   0.004345100
125 0.001   0.004291800
1   0.001   0.004141600
5   0.001   0.004309700
25  0.001   0.005555700
125 0.001   0.005453200
1   0.001   0.004471200
5   0.001   0.004623300
25  0.001   0.004417400
125 0.001   0.004349500
1   0.001   0.004217900
5   0.001   0.004370100
25  0.001   0.004243600
125 0.001   0.004239200
1   0.001   0.004383700
5   0.001   0.004322400
25  0.001   0.004499800
125 0.001   0.004174200
1   0.001   0.004426300
5   0.001   0.004586300
25  0.001   0.004485200
125 0.001   0.004449700
1   0.001   0.004565900
5   0.001   0.007248000
25  0.001   0.004508400
125 0.001   0.004554300
1   0.001   0.004338000
5   0.001   0.004374200
25  0.001   0.004265400
125 0.001   0.004316300
1   0.001   0.004657000
5   0.001   0.004624100
25  0.001   0.004616100
125 0.001   0.004658700
1   0.001   0.004649700
5   0.001   0.004503900
25  0.001   0.005838100
125 0.001   0.004545000
1   0.001   0.004187300
5   0.001   0.004162600
25  0.001   0.004173100
125 0.001   0.004232600
1   0.001   0.004438000
5   0.001   0.004392000
25  0.001   0.004495300
125 0.001   0.004438900
1   0.001   0.007929600
5   0.001   0.004465700
25  0.001   0.004692000
125 0.001   0.004631100
1   0.001   0.004458700
5   0.001   0.004627100
25  0.001   0.004493600
125 0.001   0.004462000
1   0.001   0.004261100
5   0.001   0.004172500
25  0.001   0.004347700
125 0.001   0.004224100
1   0.001   0.004419200
5   0.001   0.004877400
25  0.001   0.004685400
125 0.001   0.004419300
1   0.001   0.004420500
5   0.001   0.004553200
25  0.001   0.004451800
125 0.001   0.004416500
1   0.001   0.004590200
5   0.001   0.004608400
25  0.001   0.004497900
125 0.001   0.004556300
1   0.001   0.004491500
5   0.001   0.004543200
25  0.001   0.004341700
125 0.001   0.004382900
1   0.001   0.004453100
5   0.001   0.004337300
25  0.001   0.004376300
125 0.001   0.004345600
1   0.001   0.004433300
5   0.001   0.007546900
25  0.001   0.004255400
125 0.001   0.004345700
1   0.001   0.004398700
5   0.001   0.004293800
25  0.001   0.004348300
125 0.001   0.004427900
1   0.001   0.004309900
5   0.001   0.004595200
25  0.001   0.004336900
125 0.001   0.004287600
1   0.001   0.004224400
5   0.001   0.004293800
25  0.001   0.004261800
125 0.001   0.004644300
1   0.001   0.004524400
5   0.001   0.004644700
25  0.001   0.004833200
125 0.001   0.004619600
1   0.001   0.004323300
5   0.001   0.004427400
25  0.001   0.004381000
125 0.001   0.004311800
1   0.001   0.004242500
5   0.001   0.004259400
25  0.001   0.004437700
125 0.001   0.004266100
1   0.001   0.004599100
5   0.001   0.004823800
25  0.001   0.007639300
125 0.001   0.005020400
1   0.001   0.004395700
5   0.001   0.004471300
25  0.001   0.004832700
125 0.001   0.004702300
1   0.01    0.007120600
5   0.01    0.008109800
25  0.01    0.007768900
125 0.01    0.008373500
1   0.01    0.006049300
5   0.01    0.006056300
25  0.01    0.005908500
125 0.01    0.005857500
1   0.01    0.006205100
5   0.01    0.006123200
25  0.01    0.005860800
125 0.01    0.012151700
1   0.01    0.006834100
5   0.01    0.006162100
25  0.01    0.007910300
125 0.01    0.008501900
1   0.01    0.006255300
5   0.01    0.006152000
25  0.01    0.006099200
125 0.01    0.005901600
1   0.01    0.006476700
5   0.01    0.006736900
25  0.01    0.006249900
125 0.01    0.006905400
1   0.01    0.014325500
5   0.01    0.017701400
25  0.01    0.012747200
125 0.01    0.011050100
1   0.01    0.006781300
5   0.01    0.005871400
25  0.01    0.005671400
125 0.01    0.005792800
1   0.01    0.006268000
5   0.01    0.006051600
25  0.01    0.005941100
125 0.01    0.006040800
1   0.01    0.006262600
5   0.01    0.007211500
25  0.01    0.008361800
125 0.01    0.006092400
1   0.01    0.006214900
5   0.01    0.006169800
25  0.01    0.006790300
125 0.01    0.006093100
1   0.01    0.021919800
5   0.01    0.010584400
25  0.01    0.007225500
125 0.01    0.007487300
1   0.01    0.006242400
5   0.01    0.006206300
25  0.01    0.006218000
125 0.01    0.006086900
1   0.01    0.010920200
5   0.01    0.011078100
25  0.01    0.010986000
125 0.01    0.010869800
1   0.01    0.011736300
5   0.01    0.012677600
25  0.01    0.006270000
125 0.01    0.006366200
1   0.01    0.006697900
5   0.01    0.006663800
25  0.01    0.007042900
125 0.01    0.006861000
1   0.01    0.006275100
5   0.01    0.006185800
25  0.01    0.006180900
125 0.01    0.006163700
1   0.01    0.006367800
5   0.01    0.006399300
25  0.01    0.006586600
125 0.01    0.006300400
1   0.01    0.005970500
5   0.01    0.005911200
25  0.01    0.006036000
125 0.01    0.007259200
1   0.01    0.006068100
5   0.01    0.006133900
25  0.01    0.006245000
125 0.01    0.006029000
1   0.01    0.006081700
5   0.01    0.006062300
25  0.01    0.006137700
125 0.01    0.006005100
1   0.01    0.008028000
5   0.01    0.006162800
25  0.01    0.006072200
125 0.01    0.006132500
1   0.01    0.006234800
5   0.01    0.006065900
25  0.01    0.006102500
125 0.01    0.006320500
1   0.01    0.005910300
5   0.01    0.006116500
25  0.01    0.005980100
125 0.01    0.005762700
1   0.01    0.006066100
5   0.01    0.005987300
25  0.01    0.006267900
125 0.01    0.006063700
1   0.01    0.005975900
5   0.01    0.005924700
25  0.01    0.006014600
125 0.01    0.005863100
1   0.01    0.007894800
5   0.01    0.008021700
25  0.01    0.009371500
125 0.01    0.006697600
1   0.01    0.006391300
5   0.01    0.006370300
25  0.01    0.006507900
125 0.01    0.006568500
1   0.01    0.007739500
5   0.01    0.006368900
25  0.01    0.006515500
125 0.01    0.006867500
1   0.01    0.006291600
5   0.01    0.006145700
25  0.01    0.007156300
125 0.01    0.008448100
1   0.01    0.006298700
5   0.01    0.006260700
25  0.01    0.006279300
125 0.01    0.006112700
1   0.01    0.006218400
5   0.01    0.006066600
25  0.01    0.006115700
125 0.01    0.006304000
1   0.01    0.006143700
5   0.01    0.006078900
25  0.01    0.006132600
125 0.01    0.005985100
1   0.01    0.006003200
5   0.01    0.005934400
25  0.01    0.006047700
125 0.01    0.005845400
1   0.01    0.006084300
5   0.01    0.006171600
25  0.01    0.006150000
125 0.01    0.005876000
1   0.01    0.005947300
5   0.01    0.006017600
25  0.01    0.006005900
125 0.01    0.006083200
1   0.01    0.006025600
5   0.01    0.006121300
25  0.01    0.006123800
125 0.01    0.006231600
1   0.01    0.006104600
5   0.01    0.006183900
25  0.01    0.006161900
125 0.01    0.005959900
1   0.01    0.006342200
5   0.01    0.006153100
25  0.01    0.006219000
125 0.01    0.006229700
1   0.01    0.006361400
5   0.01    0.006139600
25  0.01    0.006098800
125 0.01    0.006118700
1   0.01    0.006077400
5   0.01    0.005879900
25  0.01    0.005964900
125 0.01    0.006032900
1   0.01    0.006427200
5   0.01    0.006619900
25  0.01    0.006424000
125 0.01    0.006406800
1   0.01    0.006397000
5   0.01    0.006331200
25  0.01    0.006249200
125 0.01    0.006284000
1   0.01    0.005925600
5   0.01    0.005851500
25  0.01    0.005954500
125 0.01    0.006028700
1   0.01    0.006221100
5   0.01    0.006410100
25  0.01    0.007524300
125 0.01    0.006193500
1   0.01    0.006360800
5   0.01    0.006426400
25  0.01    0.006388300
125 0.01    0.006322500
1   0.01    0.006394400
5   0.01    0.005998600
25  0.01    0.005971600
125 0.01    0.005896100
1   0.01    0.006499300
5   0.01    0.006291600
25  0.01    0.006067200
125 0.01    0.006333100
1   0.01    0.005927400
5   0.01    0.005753500
25  0.01    0.005863100
125 0.01    0.005824800
1   0.01    0.007135800
5   0.01    0.007022500
25  0.01    0.006245300
125 0.01    0.006299100
1   0.01    0.006694600
5   0.01    0.006488200
25  0.01    0.006341000
125 0.01    0.006595300
1   0.01    0.006302500
5   0.01    0.006249300
25  0.01    0.006318400
125 0.01    0.007214300
1   0.01    0.006844000
5   0.01    0.006459500
25  0.01    0.006057700
125 0.01    0.006077200
1   0.01    0.006018200
5   0.01    0.006027400
25  0.01    0.005965400
125 0.01    0.005999700
1   0.01    0.006551200
5   0.01    0.006234200
25  0.01    0.006152000
125 0.01    0.006227900
1   0.01    0.006341500
5   0.01    0.006320200
25  0.01    0.006090700
125 0.01    0.006091300
1   0.01    0.010934600
5   0.01    0.007915400
25  0.01    0.008151900
125 0.01    0.007960800
1   0.01    0.006164900
5   0.01    0.006170600
25  0.01    0.006237200
125 0.01    0.005973400
1   0.01    0.006280700
5   0.01    0.006408200
25  0.01    0.006367400
125 0.01    0.006475500
1   0.01    0.006243100
5   0.01    0.006242300
25  0.01    0.006725100
125 0.01    0.006212100
1   0.01    0.006240300
5   0.01    0.006062300
25  0.01    0.006199000
125 0.01    0.006164600
1   0.01    0.006161600
5   0.01    0.006190400
25  0.01    0.006352600
125 0.01    0.006383000
1   0.01    0.006070000
5   0.01    0.006000500
25  0.01    0.006046900
125 0.01    0.005840200
1   0.01    0.005968500
5   0.01    0.006081200
25  0.01    0.006509600
125 0.01    0.006023900
1   0.01    0.005994300
5   0.01    0.006321800
25  0.01    0.005951200
125 0.01    0.005852900
1   0.01    0.006188100
5   0.01    0.006401100
25  0.01    0.006126000
125 0.01    0.006267400
1   0.01    0.006190800
5   0.01    0.005899200
25  0.01    0.005814400
125 0.01    0.005705500
1   0.01    0.005959000
5   0.01    0.006138400
25  0.01    0.007207400
125 0.01    0.005873100
1   0.01    0.007010100
5   0.01    0.007604400
25  0.01    0.006583400
125 0.01    0.005978400
1   0.01    0.006292800
5   0.01    0.006176500
25  0.01    0.006233800
125 0.01    0.006292900
1   0.01    0.006116800
5   0.01    0.005999900
25  0.01    0.005867200
125 0.01    0.005868100
1   0.01    0.006094800
5   0.01    0.006153100
25  0.01    0.006012300
125 0.01    0.005963100
1   0.01    0.005957700
5   0.01    0.006166300
25  0.01    0.005933100
125 0.01    0.005899300
1   0.01    0.006254400
5   0.01    0.006297200
25  0.01    0.006159000
125 0.01    0.006177000
1   0.01    0.006117400
5   0.01    0.008370800
25  0.01    0.006157400
125 0.01    0.006447300
1   0.01    0.005950100
5   0.01    0.006060400
25  0.01    0.005947400
125 0.01    0.006536500
1   0.01    0.006183600
5   0.01    0.006195300
25  0.01    0.006378000
125 0.01    0.006153800
1   0.01    0.006188000
5   0.01    0.006538000
25  0.01    0.006249700
125 0.01    0.006147900
1   0.01    0.006138500
5   0.01    0.006029400
25  0.01    0.005944300
125 0.01    0.005918000
1   0.01    0.006298900
5   0.01    0.006319800
25  0.01    0.006178300
125 0.01    0.006091200
1   0.01    0.006213800
5   0.01    0.006266700
25  0.01    0.006188200
125 0.01    0.006155800
1   0.01    0.006083300
5   0.01    0.005885400
25  0.01    0.005907800
125 0.01    0.005904900
1   0.01    0.006286300
5   0.01    0.006327600
25  0.01    0.007676200
125 0.01    0.006459500
1   0.01    0.006420700
5   0.01    0.006281100
25  0.01    0.006109000
125 0.01    0.006291300
1   0.01    0.006381300
5   0.01    0.006632500
25  0.01    0.006679600
125 0.01    0.006475100
1   0.01    0.005991800
5   0.01    0.005956000
25  0.01    0.006093300
125 0.01    0.005908600
1   0.01    0.006220000
5   0.01    0.008493500
25  0.01    0.006421600
125 0.01    0.006308600
1   0.01    0.006182500
5   0.01    0.006208400
25  0.01    0.006065000
125 0.01    0.005981500
1   0.01    0.006986400
5   0.01    0.006931900
25  0.01    0.006457200
125 0.01    0.006457200
1   0.01    0.006276300
5   0.01    0.006145000
25  0.01    0.006108900
125 0.01    0.006067700
1   0.01    0.006353900
5   0.01    0.006217300
25  0.01    0.006278100
125 0.01    0.006160200
1   0.01    0.006204500
5   0.01    0.006079100
25  0.01    0.006154000
125 0.01    0.006119800
1   0.01    0.006022900
5   0.01    0.005936700
25  0.01    0.005840100
125 0.01    0.006052900
1   0.01    0.006231200
5   0.01    0.006153400
25  0.01    0.006292600
125 0.01    0.006663700
1   0.01    0.005989000
5   0.01    0.006190200
25  0.01    0.005865900
125 0.01    0.006041700
1   0.01    0.006370300
5   0.01    0.006315900
25  0.01    0.006515400
125 0.01    0.006345100
1   0.01    0.006120000
5   0.01    0.006091800
25  0.01    0.007883900
125 0.01    0.005861800
1   0.01    0.006282400
5   0.01    0.006166400
25  0.01    0.006323800
125 0.01    0.006226200
1   0.01    0.006632400
5   0.01    0.006613700
25  0.01    0.006423000
125 0.01    0.006582500
1   0.01    0.006588000
5   0.01    0.006092600
25  0.01    0.006392300
125 0.01    0.006173700
1   0.1 0.006436400
5   0.1 0.005897500
25  0.1 0.005940100
125 0.1 0.007507800
1   0.1 0.005031100
5   0.1 0.004982600
25  0.1 0.005273700
125 0.1 0.004933300
1   0.1 0.005233200
5   0.1 0.005111000
25  0.1 0.005022800
125 0.1 0.005093200
1   0.1 0.009579200
5   0.1 0.008159600
25  0.1 0.005221700
125 0.1 0.005419700
1   0.1 0.005217200
5   0.1 0.005001700
25  0.1 0.005092300
125 0.1 0.005175900
1   0.1 0.005843200
5   0.1 0.005430200
25  0.1 0.005236700
125 0.1 0.005093200
1   0.1 0.009319200
5   0.1 0.009351200
25  0.1 0.009126100
125 0.1 0.010126400
1   0.1 0.008404300
5   0.1 0.008567800
25  0.1 0.008409800
125 0.1 0.006473200
1   0.1 0.005399400
5   0.1 0.005111900
25  0.1 0.005085600
125 0.1 0.004979000
1   0.1 0.005294500
5   0.1 0.005297800
25  0.1 0.005082700
125 0.1 0.005099700
1   0.1 0.005368800
5   0.1 0.005298700
25  0.1 0.005285200
125 0.1 0.005302700
1   0.1 0.005198700
5   0.1 0.005213400
25  0.1 0.005315900
125 0.1 0.005725700
1   0.1 0.005190400
5   0.1 0.005168600
25  0.1 0.005155300
125 0.1 0.005165000
1   0.1 0.008917700
5   0.1 0.009133600
25  0.1 0.008839100
125 0.1 0.008940300
1   0.1 0.009338400
5   0.1 0.009581400
25  0.1 0.009355900
125 0.1 0.008987000
1   0.1 0.005164300
5   0.1 0.005121700
25  0.1 0.005034700
125 0.1 0.005085500
1   0.1 0.005147600
5   0.1 0.005099600
25  0.1 0.005117600
125 0.1 0.005459500
1   0.1 0.005333700
5   0.1 0.005186300
25  0.1 0.005319300
125 0.1 0.005298800
1   0.1 0.004933500
5   0.1 0.005072000
25  0.1 0.004971200
125 0.1 0.005036700
1   0.1 0.005122100
5   0.1 0.005143900
25  0.1 0.005116800
125 0.1 0.005095800
1   0.1 0.005140600
5   0.1 0.005090000
25  0.1 0.005036900
125 0.1 0.005194800
1   0.1 0.005105400
5   0.1 0.005078600
25  0.1 0.005113700
125 0.1 0.005015400
1   0.1 0.005159900
5   0.1 0.005094000
25  0.1 0.005064200
125 0.1 0.005173000
1   0.1 0.006587800
5   0.1 0.006969800
25  0.1 0.006724800
125 0.1 0.005119600
1   0.1 0.005188700
5   0.1 0.004980500
25  0.1 0.005078700
125 0.1 0.005013900
1   0.1 0.005097600
5   0.1 0.004994500
25  0.1 0.005141800
125 0.1 0.005024900
1   0.1 0.005016800
5   0.1 0.005287900
25  0.1 0.005747600
125 0.1 0.006603900
1   0.1 0.005560000
5   0.1 0.005210400
25  0.1 0.005444500
125 0.1 0.005387800
1   0.1 0.005177800
5   0.1 0.005231600
25  0.1 0.005188300
125 0.1 0.005378300
1   0.1 0.005964800
5   0.1 0.005033400
25  0.1 0.005289900
125 0.1 0.005131100
1   0.1 0.005200500
5   0.1 0.005980800
25  0.1 0.005397000
125 0.1 0.005124200
1   0.1 0.005176000
5   0.1 0.005173700
25  0.1 0.005096100
125 0.1 0.005468100
1   0.1 0.005159900
5   0.1 0.005080400
25  0.1 0.005091200
125 0.1 0.005148700
1   0.1 0.005253900
5   0.1 0.004984500
25  0.1 0.005020800
125 0.1 0.005481000
1   0.1 0.005067700
5   0.1 0.005093200
25  0.1 0.005174600
125 0.1 0.005035700
1   0.1 0.004928100
5   0.1 0.004960300
25  0.1 0.004809400
125 0.1 0.005796400
1   0.1 0.005215300
5   0.1 0.005061600
25  0.1 0.005024100
125 0.1 0.005207100
1   0.1 0.005138100
5   0.1 0.005004100
25  0.1 0.005179800
125 0.1 0.004939100
1   0.1 0.005201100
5   0.1 0.005128800
25  0.1 0.005252900
125 0.1 0.005164800
1   0.1 0.005287600
5   0.1 0.005278500
25  0.1 0.005157000
125 0.1 0.005117700
1   0.1 0.006189200
5   0.1 0.006222800
25  0.1 0.004980500
125 0.1 0.005118000
1   0.1 0.005660500
5   0.1 0.005367200
25  0.1 0.005357100
125 0.1 0.005252000
1   0.1 0.005304000
5   0.1 0.005165400
25  0.1 0.005260100
125 0.1 0.005260500
1   0.1 0.004939200
5   0.1 0.005597100
25  0.1 0.004933200
125 0.1 0.004905700
1   0.1 0.005185100
5   0.1 0.006016700
25  0.1 0.005326900
125 0.1 0.005143800
1   0.1 0.005705000
5   0.1 0.006247200
25  0.1 0.005309200
125 0.1 0.005189300
1   0.1 0.005151100
5   0.1 0.005209500
25  0.1 0.005065100
125 0.1 0.005014900
1   0.1 0.005251100
5   0.1 0.005166100
25  0.1 0.005047800
125 0.1 0.005149600
1   0.1 0.005056400
5   0.1 0.004953600
25  0.1 0.004943200
125 0.1 0.004824100
1   0.1 0.005375600
5   0.1 0.005331600
25  0.1 0.005384900
125 0.1 0.005415500
1   0.1 0.005357100
5   0.1 0.005353200
25  0.1 0.005276700
125 0.1 0.005556800
1   0.1 0.006859500
5   0.1 0.005215200
25  0.1 0.005485300
125 0.1 0.006187300
1   0.1 0.005161600
5   0.1 0.005177800
25  0.1 0.005335500
125 0.1 0.005205800
1   0.1 0.005150400
5   0.1 0.005399900
25  0.1 0.005355000
125 0.1 0.005265300
1   0.1 0.005090900
5   0.1 0.005716100
25  0.1 0.005195400
125 0.1 0.005578200
1   0.1 0.005311900
5   0.1 0.005183800
25  0.1 0.005248300
125 0.1 0.005259900
1   0.1 0.005594300
5   0.1 0.005262900
25  0.1 0.005172800
125 0.1 0.008021800
1   0.1 0.005133700
5   0.1 0.005277800
25  0.1 0.005124500
125 0.1 0.005114000
1   0.1 0.005264000
5   0.1 0.005301400
25  0.1 0.005452000
125 0.1 0.005173500
1   0.1 0.005285100
5   0.1 0.005270500
25  0.1 0.005186300
125 0.1 0.005115100
1   0.1 0.005595000
5   0.1 0.005082500
25  0.1 0.005109800
125 0.1 0.005085300
1   0.1 0.005266900
5   0.1 0.005230700
25  0.1 0.005113900
125 0.1 0.005228200
1   0.1 0.004981700
5   0.1 0.005008400
25  0.1 0.005129300
125 0.1 0.005249900
1   0.1 0.005017600
5   0.1 0.005054100
25  0.1 0.005217300
125 0.1 0.004988700
1   0.1 0.005006100
5   0.1 0.005024500
25  0.1 0.005138000
125 0.1 0.005255400
1   0.1 0.005181900
5   0.1 0.005175700
25  0.1 0.005194400
125 0.1 0.005065200
1   0.1 0.004968900
5   0.1 0.004931900
25  0.1 0.004993300
125 0.1 0.004901300
1   0.1 0.004940000
5   0.1 0.005159000
25  0.1 0.004988700
125 0.1 0.004983800
1   0.1 0.005127100
5   0.1 0.005160500
25  0.1 0.005067400
125 0.1 0.005148200
1   0.1 0.005419300
5   0.1 0.005237600
25  0.1 0.005244100
125 0.1 0.005198100
1   0.1 0.005037100
5   0.1 0.005056400
25  0.1 0.005067400
125 0.1 0.004916700
1   0.1 0.005061700
5   0.1 0.005100000
25  0.1 0.004998400
125 0.1 0.005016900
1   0.1 0.005064800
5   0.1 0.005148800
25  0.1 0.005117100
125 0.1 0.004948300
1   0.1 0.005269300
5   0.1 0.005228000
25  0.1 0.005100700
125 0.1 0.005087700
1   0.1 0.005122900
5   0.1 0.005108000
25  0.1 0.005243500
125 0.1 0.005132000
1   0.1 0.005073600
5   0.1 0.004986800
25  0.1 0.004992800
125 0.1 0.004918500
1   0.1 0.005197800
5   0.1 0.005466600
25  0.1 0.005223100
125 0.1 0.005081500
1   0.1 0.005199100
5   0.1 0.005373800
25  0.1 0.005130400
125 0.1 0.005122500
1   0.1 0.005236300
5   0.1 0.005057000
25  0.1 0.005053400
125 0.1 0.005024100
1   0.1 0.005247900
5   0.1 0.005278200
25  0.1 0.005154800
125 0.1 0.005163000
1   0.1 0.005232800
5   0.1 0.005116600
25  0.1 0.005147900
125 0.1 0.005131100
1   0.1 0.005069100
5   0.1 0.005107700
25  0.1 0.004991000
125 0.1 0.004993700
1   0.1 0.005358700
5   0.1 0.005313300
25  0.1 0.005261000
125 0.1 0.005640400
1   0.1 0.005481400
5   0.1 0.005323800
25  0.1 0.005266700
125 0.1 0.005292600
1   0.1 0.005355200
5   0.1 0.005563300
25  0.1 0.005493600
125 0.1 0.005543300
1   0.1 0.005074900
5   0.1 0.005052100
25  0.1 0.005167400
125 0.1 0.004997100
1   0.1 0.005096700
5   0.1 0.005153300
25  0.1 0.005348100
125 0.1 0.005179800
1   0.1 0.005087200
5   0.1 0.005372100
25  0.1 0.005052400
125 0.1 0.005025800
1   0.1 0.005461900
5   0.1 0.005667100
25  0.1 0.005717800
125 0.1 0.005528600
1   0.1 0.005251800
5   0.1 0.005234800
25  0.1 0.005075300
125 0.1 0.005157000
1   0.1 0.005238000
5   0.1 0.005213900
25  0.1 0.005103700
125 0.1 0.005079500
1   0.1 0.005204300
5   0.1 0.005148800
25  0.1 0.005142900
125 0.1 0.005403900
1   0.1 0.005072200
5   0.1 0.004943700
25  0.1 0.004950500
125 0.1 0.004883000
1   0.1 0.005339100
5   0.1 0.005242900
25  0.1 0.005084100
125 0.1 0.005165600
1   0.1 0.006744900
5   0.1 0.005142300
25  0.1 0.005117900
125 0.1 0.005136300
1   0.1 0.005399900
5   0.1 0.005427900
25  0.1 0.005463700
125 0.1 0.005453700
1   0.1 0.005007000
5   0.1 0.005301900
25  0.1 0.006681300
125 0.1 0.005367900
1   0.1 0.005247000
5   0.1 0.005188200
25  0.1 0.005273000
125 0.1 0.005036300
1   0.1 0.005569000
5   0.1 0.005487700
25  0.1 0.005702800
125 0.1 0.005520600
1   0.1 0.005409700
5   0.1 0.005217400
25  0.1 0.005120800
125 0.1 0.006098500
1   1   0.000802700
5   1   0.000748900
25  1   0.000777300
125 1   0.000746300
1   1   0.000523700
5   1   0.000470000
25  1   0.000482300
125 1   0.000477700
1   1   0.000483400
5   1   0.000481100
25  1   0.000479700
125 1   0.000477700
1   1   0.001063800
5   1   0.000937300
25  1   0.000867100
125 1   0.000893100
1   1   0.000660800
5   1   0.000658800
25  1   0.001020100
125 1   0.000655600
1   1   0.000708200
5   1   0.000712600
25  1   0.000704600
125 1   0.000698900
1   1   0.000934100
5   1   0.000924300
25  1   0.000943300
125 1   0.000907000
1   1   0.000846200
5   1   0.000856300
25  1   0.000873000
125 1   0.000849400
1   1   0.000487900
5   1   0.000640300
25  1   0.000687000
125 1   0.000670500
1   1   0.000497700
5   1   0.000489400
25  1   0.000512600
125 1   0.000493100
1   1   0.000610700
5   1   0.000512300
25  1   0.000500700
125 1   0.000519600
1   1   0.000571000
5   1   0.000545500
25  1   0.000499700
125 1   0.000536700
1   1   0.000510800
5   1   0.000504200
25  1   0.000507400
125 1   0.000507100
1   1   0.000881000
5   1   0.000877300
25  1   0.000919600
125 1   0.000883500
1   1   0.000916000
5   1   0.000897100
25  1   0.001057500
125 1   0.000962100
1   1   0.000562000
5   1   0.000553700
25  1   0.000496600
125 1   0.000500300
1   1   0.000628000
5   1   0.000637200
25  1   0.000510700
125 1   0.000498700
1   1   0.000579600
5   1   0.000551300
25  1   0.000510300
125 1   0.000517500
1   1   0.000481000
5   1   0.000479600
25  1   0.000480500
125 1   0.000491500
1   1   0.000507000
5   1   0.000491900
25  1   0.000497700
125 1   0.000499200
1   1   0.000501700
5   1   0.000486600
25  1   0.000487400
125 1   0.000486900
1   1   0.000509400
5   1   0.000487800
25  1   0.000499800
125 1   0.000569400
1   1   0.000498000
5   1   0.000519300
25  1   0.000559000
125 1   0.000485400
1   1   0.000520600
5   1   0.000486600
25  1   0.000477400
125 1   0.000539800
1   1   0.000543600
5   1   0.000487900
25  1   0.000486500
125 1   0.000498800
1   1   0.000657300
5   1   0.000482500
25  1   0.000478900
125 1   0.000477900
1   1   0.000503500
5   1   0.000503500
25  1   0.000491300
125 1   0.000486200
1   1   0.000497900
5   1   0.000508400
25  1   0.000567900
125 1   0.000505400
1   1   0.000535900
5   1   0.000491400
25  1   0.000505400
125 1   0.000518300
1   1   0.000482600
5   1   0.000485800
25  1   0.000495100
125 1   0.000480700
1   1   0.000530400
5   1   0.000506100
25  1   0.000538000
125 1   0.000500200
1   1   0.000549400
5   1   0.000571900
25  1   0.000502100
125 1   0.000521600
1   1   0.000504700
5   1   0.000493400
25  1   0.000506200
125 1   0.000489000
1   1   0.000491500
5   1   0.000471500
25  1   0.000483100
125 1   0.000505200
1   1   0.000496100
5   1   0.000509700
25  1   0.000495400
125 1   0.000488300
1   1   0.000487400
5   1   0.000470500
25  1   0.000495700
125 1   0.000465700
1   1   0.000492200
5   1   0.000504100
25  1   0.000490900
125 1   0.000493000
1   1   0.000485700
5   1   0.000513000
25  1   0.000487200
125 1   0.000548200
1   1   0.000497600
5   1   0.000500500
25  1   0.000490500
125 1   0.000499900
1   1   0.000512200
5   1   0.000519600
25  1   0.000517900
125 1   0.000528100
1   1   0.000486000
5   1   0.000505900
25  1   0.000614800
125 1   0.000486900
1   1   0.000557200
5   1   0.000521000
25  1   0.000534600
125 1   0.000522900
1   1   0.000560300
5   1   0.000510500
25  1   0.000506900
125 1   0.000568100
1   1   0.000502900
5   1   0.000480600
25  1   0.000482500
125 1   0.000483700
1   1   0.000542100
5   1   0.000514700
25  1   0.000499900
125 1   0.000509300
1   1   0.000524600
5   1   0.000499900
25  1   0.000496000
125 1   0.000498200
1   1   0.000519000
5   1   0.000494200
25  1   0.000500700
125 1   0.000506700
1   1   0.000492100
5   1   0.000487600
25  1   0.000502100
125 1   0.000488100
1   1   0.000489500
5   1   0.000483300
25  1   0.000478900
125 1   0.000501400
1   1   0.000645900
5   1   0.000648100
25  1   0.000590600
125 1   0.000522100
1   1   0.000508700
5   1   0.000521800
25  1   0.000509200
125 1   0.000519900
1   1   0.000515100
5   1   0.000519900
25  1   0.000515900
125 1   0.000504300
1   1   0.000504600
5   1   0.000506100
25  1   0.000497400
125 1   0.000508500
1   1   0.000496600
5   1   0.000481900
25  1   0.000511800
125 1   0.000624900
1   1   0.000581800
5   1   0.000638400
25  1   0.000678500
125 1   0.000587200
1   1   0.000502600
5   1   0.000509400
25  1   0.000511300
125 1   0.000495800
1   1   0.000510000
5   1   0.000506500
25  1   0.000502300
125 1   0.000510900
1   1   0.000503300
5   1   0.000503000
25  1   0.000499100
125 1   0.000501300
1   1   0.000509700
5   1   0.000513600
25  1   0.000510800
125 1   0.000513600
1   1   0.000500800
5   1   0.000500300
25  1   0.000505400
125 1   0.000501000
1   1   0.000503300
5   1   0.000500000
25  1   0.000497800
125 1   0.000501300
1   1   0.000509700
5   1   0.000511500
25  1   0.000511000
125 1   0.000512000
1   1   0.000497400
5   1   0.000485000
25  1   0.000494700
125 1   0.000492000
1   1   0.000663800
5   1   0.000658700
25  1   0.000493800
125 1   0.000493800
1   1   0.000492200
5   1   0.000481800
25  1   0.000488700
125 1   0.000486500
1   1   0.000512700
5   1   0.000506800
25  1   0.000505600
125 1   0.000513300
1   1   0.000477100
5   1   0.000476600
25  1   0.000487000
125 1   0.000480800
1   1   0.000506500
5   1   0.000481400
25  1   0.000507500
125 1   0.000499100
1   1   0.000497700
5   1   0.000504900
25  1   0.000503400
125 1   0.000506100
1   1   0.000534600
5   1   0.000519300
25  1   0.000522000
125 1   0.000519900
1   1   0.000479100
5   1   0.000478900
25  1   0.000479100
125 1   0.000476900
1   1   0.000498900
5   1   0.000553900
25  1   0.000495500
125 1   0.000494900
1   1   0.000483500
5   1   0.000487900
25  1   0.000480400
125 1   0.000483300
1   1   0.000509700
5   1   0.000496500
25  1   0.000505300
125 1   0.000508300
1   1   0.000493700
5   1   0.000493500
25  1   0.000490100
125 1   0.000487900
1   1   0.000482200
5   1   0.000554800
25  1   0.000489800
125 1   0.000487000
1   1   0.000500800
5   1   0.000502200
25  1   0.000497400
125 1   0.000510900
1   1   0.000514800
5   1   0.000509300
25  1   0.000503100
125 1   0.000502400
1   1   0.000518500
5   1   0.000495300
25  1   0.000502000
125 1   0.000495200
1   1   0.000515400
5   1   0.000529600
25  1   0.000589200
125 1   0.000727300
1   1   0.000520300
5   1   0.000514400
25  1   0.000507000
125 1   0.000519700
1   1   0.000484300
5   1   0.000503000
25  1   0.000482600
125 1   0.000504500
1   1   0.000521200
5   1   0.000521100
25  1   0.000527200
125 1   0.000497700
1   1   0.000510900
5   1   0.000511000
25  1   0.000507000
125 1   0.000518700
1   1   0.000522500
5   1   0.000517900
25  1   0.000506200
125 1   0.000507900
1   1   0.000486700
5   1   0.000489300
25  1   0.000481600
125 1   0.000496700
1   1   0.000499900
5   1   0.000501100
25  1   0.000499100
125 1   0.000514200
1   1   0.000501000
5   1   0.000494500
25  1   0.000499700
125 1   0.000493600
1   1   0.000529700
5   1   0.000507200
25  1   0.000513600
125 1   0.000528600
1   1   0.000493100
5   1   0.000505800
25  1   0.000496100
125 1   0.001207800
1   1   0.000503300
5   1   0.000498600
25  1   0.000507000
125 1   0.000499200
1   1   0.000506600
5   1   0.000503700
25  1   0.000485600
125 1   0.000491900
1   1   0.000493200
5   1   0.000490400
25  1   0.000495100
125 1   0.000489000
1   1   0.000510000
5   1   0.000501100
25  1   0.000507300
125 1   0.000492000
1   1   0.000655300
5   1   0.000682500
25  1   0.000566600
125 1   0.000637100
1   1   0.000520800
5   1   0.000544100
25  1   0.000560600
125 1   0.000515500
1   1   0.000492000
5   1   0.000495500
25  1   0.000503300
125 1   0.000494200
1   1   0.000523700
5   1   0.000504500
25  1   0.000489800
125 1   0.000496800
1   1   0.000533400
5   1   0.000517200
25  1   0.000546400
125 1   0.000525500
1   1   0.000507500
5   1   0.000502200
25  1   0.000501600
125 1   0.000492700