1	0.0076589	72	418.225	490.225	0
0.9	0.0088383	69	443.63	512.63	30
0.8	0.0090482	66.125	473.5	539.625	46
0.7	0.0122132	61	528.165	589.165	62
0.6	0.0102723	53.25	592.795	646.045	76
0.5	0.0107889	53.375	586.305	639.68	66
0.4	0.0092553	49	629.27	678.27	65
0.3	0.0101015	46.875	641.91	688.785	71
0.2	0.0099084	47.25	640.815	688.065	69
0.1	0.0071589	47.5	639.435	686.935	71
0	0.0076293	45.5	651.875	697.375	67
1	0.0070705	68.875	489.28	558.155	0
0.9	0.0069328	68.25	494.3	562.55	8
0.8	0.0084195	61.75	522.1	583.85	26
0.7	0.0169139	57.375	565.665	623.04	44
0.6	0.0119199	53.375	583.285	636.66	49
0.5	0.0122314	41.125	671.02	712.145	61
0.4	0.0123635	34.25	705.97	740.22	67
0.3	0.0160281	27	759.965	786.965	73
0.2	0.0097912	28.25	756.785	785.035	65
0.1	0.0083663	28.125	758.48	786.605	68
0	0.0078233	29.875	747.56	777.435	64
1	0.0064086	68.75	706.64	775.39	0
0.9	0.00639	68.25	708.54	776.79	4
0.8	0.0076082	67.125	722.18	789.305	16
0.7	0.0063941	66.375	728.3	794.675	20
0.6	0.0064699	61.875	754.185	816.06	30
0.5	0.0064495	54.5	804.345	858.845	43
0.4	0.0070929	41.75	876.09	917.84	55
0.3	0.0090223	34	925.64	959.64	58
0.2	0.0080305	32.75	939.64	972.39	57
0.1	0.0073594	34.625	924.025	958.65	53
0	0.007274	31.625	944.25	975.875	52
1	0.006453	75.125	591.745	666.87	0
0.9	0.0065531	74.75	591.29	666.04	2
0.8	0.0068152	73.25	598.295	671.545	10
0.7	0.0072449	67.5	618.285	685.785	23
0.6	0.0071422	59.375	660.215	719.59	42
0.5	0.0092612	53.125	696.4	749.525	54
0.4	0.0090164	45.125	764.735	809.86	70
0.3	0.0133765	38.375	794.865	833.24	73
0.2	0.0119899	33.25	816.03	849.28	72
0.1	0.011967	38.625	794.595	833.22	68
0	0.0113331	35.25	809.345	844.595	64
1	0.0133892	66.125	570.455	636.58	0
0.9	0.0127768	66	565.995	631.995	0
0.8	0.0119782	65.375	571.05	636.425	8
0.7	0.0145256	65.125	581.715	646.84	19
0.6	0.0137937	63.625	592.44	656.065	25
0.5	0.0139257	62.125	618.12	680.245	38
0.4	0.0114567	57.375	668.455	725.83	53
0.3	0.0073674	46	732.985	778.985	66
0.2	0.007166	35	784.715	819.715	66
0.1	0.0074623	31.5	800.88	832.38	66
0	0.0073909	31	802.35	833.35	67
1	0.0061164	96.25	590.1	686.35	0
0.9	0.0060869	93.75	595.725	689.475	0
0.8	0.0061434	95.5	591.415	686.915	2
0.7	0.0064405	95.75	595.775	691.525	8
0.6	0.0061168	95	608.98	703.98	15
0.5	0.0061681	91.375	645.005	736.38	34
0.4	0.0063359	82.25	704.81	787.06	52
0.3	0.0062745	75.125	753.37	828.495	62
0.2	0.0082286	44.625	936.15	980.775	85
0.1	0.0080532	38.375	969.155	1007.53	79
0	0.0072703	34.5	984.765	1019.265	74
1	0.0068493	74.125	632.32	706.445	0
0.9	0.00657	72.5	634.02	706.52	0
0.8	0.0065644	71.625	636.175	707.8	8
0.7	0.0069369	73	636.57	709.57	10
0.6	0.0079005	70.625	646.355	716.98	15
0.5	0.0092824	68	658.155	726.155	25
0.4	0.0079034	62.25	688.595	750.845	35
0.3	0.0083809	54.25	749.81	804.06	53
0.2	0.0085355	50.25	789.235	839.485	59
0.1	0.0085011	39.875	862.835	902.71	63
0	0.0080278	39.75	870.33	910.08	61
1	0.0072371	95.125	610.85	705.975	0
0.9	0.0088668	93.25	612.61	705.86	0
0.8	0.0083076	95.75	611.305	707.055	4
0.7	0.0081972	94.875	614.02	708.895	7
0.6	0.0107797	92.5	627.6	720.1	16
0.5	0.0080874	91	639.065	730.065	22
0.4	0.0072865	85.625	670.87	756.495	34
0.3	0.0075271	81.375	717.845	799.22	46
0.2	0.0081654	68.125	791.2	859.325	56
0.1	0.0079973	69.25	788.505	857.755	52
0	0.007078	66.625	802.095	868.72	50
1	0.0063486	70	502.395	572.395	0
0.9	0.0066228	70.625	496.485	567.11	0
0.8	0.0076972	70.25	498.795	569.045	0
0.7	0.0067391	69.125	501.285	570.41	8
0.6	0.0066691	70.875	503.705	574.58	13
0.5	0.0065071	69.375	511.075	580.45	21
0.4	0.0065123	65.75	536.98	602.73	33
0.3	0.0068006	62.125	560.675	622.8	41
0.2	0.006797	51.375	630.85	682.225	58
0.1	0.0067532	41	690.665	731.665	62
0	0.0069094	36.875	714.995	751.87	56
1	0.0064332	91.625	523.42	615.045	0
0.9	0.0062806	90.875	525.105	615.98	0
0.8	0.0062779	92.375	522.42	614.795	2
0.7	0.006187	90.5	528.425	618.925	8
0.6	0.0063693	92.125	525.08	617.205	9
0.5	0.0062999	90.25	535.27	625.52	18
0.4	0.0062054	87.375	545.805	633.18	22
0.3	0.0064737	83.75	571.7	655.45	34
0.2	0.0066661	72.125	629.015	701.14	47
0.1	0.0075314	50.125	719.08	769.205	51
0	0.0073645	47.25	726.475	773.725	51
1	0.0075172	67.375	607.75	675.125	0
0.9	0.0066796	68.5	607.06	675.56	0
0.8	0.0062996	66.625	612.285	678.91	4
0.7	0.006388	67.25	609.745	676.995	4
0.6	0.0063225	66.125	614.705	680.83	8
0.5	0.0065625	65.625	618.03	683.655	13
0.4	0.0064818	65.625	622.265	687.89	14
0.3	0.0065167	61.625	645.435	707.06	24
0.2	0.0073786	46	739.26	785.26	48
0.1	0.0079996	44.375	758.12	802.495	45
0	0.0085924	37.75	772.99	810.74	45
1	0.0064259	66.625	594.755	661.38	0
0.9	0.0064518	66.75	595.67	662.42	0
0.8	0.0064822	69.625	591.14	660.765	0
0.7	0.006575	67.375	593.35	660.725	2
0.6	0.0066083	65.5	602.995	668.495	8
0.5	0.0067761	65.875	599.99	665.865	11
0.4	0.0065708	65.5	614.865	680.365	20
0.3	0.008206	60.875	635.875	696.75	29
0.2	0.0068748	54.375	708.695	763.07	51
0.1	0.0069859	42	797.56	839.56	61
0	0.0068436	45.375	818.665	864.04	60
1	0.006345	88	496.215	584.215	0
0.9	0.0063995	87.25	497.46	584.71	0
0.8	0.0065188	89	495.52	584.52	0
0.7	0.0064303	88.75	494.13	582.88	0
0.6	0.0064696	87.25	498.88	586.13	3
0.5	0.0064362	86.5	505.28	591.78	9
0.4	0.0063508	86.75	512.095	598.845	13
0.3	0.0062861	82.75	543.66	626.41	27
0.2	0.0063096	67.875	620.345	688.22	51
0.1	0.0069749	53.75	718.63	772.38	62
0	0.0067682	48.875	735.125	784	52
1	0.0064222	86.375	631.73	718.105	0
0.9	0.0063801	89.5	628.16	717.66	0
0.8	0.0064247	86.625	632.635	719.26	2
0.7	0.0064707	87.5	630.85	718.35	2
0.6	0.0073453	87.875	633.48	721.355	6
0.5	0.0064423	85.75	645.25	731	18
0.4	0.0070879	85	659.285	744.285	28
0.3	0.0064977	83.375	669.585	752.96	32
0.2	0.0066248	74.625	733.675	808.3	51
0.1	0.0068574	59.75	816.8	876.55	64
0	0.0070752	50.75	849.63	900.38	57
1	0.0061336	84.75	654.05	738.8	0
0.9	0.0061144	84.75	655.03	739.78	0
0.8	0.0060839	84.125	657.275	741.4	0
0.7	0.0062442	85	653.825	738.825	2
0.6	0.0063316	82.875	662.435	745.31	9
0.5	0.006133	84.125	665.82	749.945	13
0.4	0.0062363	82.875	676.22	759.095	21
0.3	0.006146	79.5	701.785	781.285	32
0.2	0.0064298	59.5	808.82	868.32	66
0.1	0.0065849	39.625	931.985	971.61	85
0	0.007764	31	974.645	1005.645	81
1	0.0063694	65.75	554.2	619.95	0
0.9	0.0062565	65.5	553.58	619.08	0
0.8	0.0061657	66.125	552.83	618.955	0
0.7	0.0061214	66.25	553.945	620.195	0
0.6	0.0062014	67.125	556.83	623.955	2
0.5	0.0062102	64.75	559.12	623.87	6
0.4	0.0061603	66	559.455	625.455	8
0.3	0.0062078	64.25	579.725	643.975	19
0.2	0.006319	61.375	622.525	683.9	37
0.1	0.0067069	44.375	749.37	793.745	61
0	0.0066198	33.875	812.19	846.065	60
1	0.0063439	83.75	518.195	601.945	0
0.9	0.0062534	84.75	515.98	600.73	0
0.8	0.0063239	85	515.685	600.685	0
0.7	0.0063332	84	518.285	602.285	0
0.6	0.006357	83.75	518.535	602.285	3
0.5	0.0072448	83.375	521.51	604.885	3
0.4	0.006192	80.125	541.19	621.315	15
0.3	0.0063742	80.25	549.045	629.295	21
0.2	0.0065606	76.75	583.975	660.725	34
0.1	0.0067723	59.375	714.345	773.72	59
0	0.0068982	36.75	827.465	864.215	64
1	0.0065087	77.125	695.775	772.9	0
0.9	0.0065371	76.5	696.96	773.46	0
0.8	0.0064398	75.875	695.91	771.785	0
0.7	0.006359	76.5	696.605	773.105	5
0.6	0.0063584	75.625	699.155	774.78	8
0.5	0.0065175	75.25	706.21	781.46	17
0.4	0.006367	74	711.975	785.975	23
0.3	0.006354	74	718.685	792.685	28
0.2	0.0065004	73.25	730.74	803.99	34
0.1	0.0068291	49.25	873.7	922.95	64
0	0.0084314	31.875	947.635	979.51	64
1	0.006154	59.5	585.875	645.375	0
0.9	0.0060771	59.875	584.49	644.365	0
0.8	0.0060768	60	583.875	643.875	0
0.7	0.0060709	60	585.91	645.91	0
0.6	0.0060316	59.125	591.545	650.67	10
0.5	0.0061338	59	590.94	649.94	13
0.4	0.0060554	58.875	597.52	656.395	18
0.3	0.0060868	58.5	602.46	660.96	22
0.2	0.0061531	55.375	627.38	682.755	34
0.1	0.006546	37.5	784.45	821.95	70
0	0.0089166	28.625	841.92	870.545	71
1	0.0064557	56.75	643.705	700.455	0
0.9	0.0064152	57.125	642.465	699.59	0
0.8	0.0062762	56.875	643.185	700.06	0
0.7	0.0063531	56.75	642.475	699.225	0
0.6	0.0073707	55.375	649.915	705.29	4
0.5	0.0070108	55.625	652.095	707.72	10
0.4	0.0067728	54.375	655.87	710.245	12
0.3	0.0066168	53.75	666.065	719.815	23
0.2	0.0066178	49.375	704.175	753.55	39
0.1	0.0066901	35.875	820.775	856.65	66
0	0.0063155	28.25	855.07	883.32	59
1	0.0064989	71.25	613.005	684.255	0
0.9	0.0065738	70.25	615.495	685.745	0
0.8	0.0067968	70.875	614.475	685.35	0
0.7	0.0065369	71.25	611.525	682.775	0
0.6	0.0067444	71.125	613.34	684.465	0
0.5	0.007081	70.75	616.555	687.305	4
0.4	0.0068069	70.25	620.265	690.515	10
0.3	0.0065241	67.5	641.68	709.18	20
0.2	0.0078007	68.125	649.905	718.03	26
0.1	0.0066792	58.25	761.175	819.425	52
0	0.0065472	33.125	881.24	914.365	58
1	0.0061166	72.625	503.745	576.37	0
0.9	0.0062022	73	501.95	574.95	0
0.8	0.0060938	72.375	504.205	576.58	0
0.7	0.0062101	72.625	502.885	575.51	0
0.6	0.0061401	73.25	501.02	574.27	0
0.5	0.0063031	72.875	503.115	575.99	4
0.4	0.0063049	72.625	505.575	578.2	8
0.3	0.0061567	71.625	519.24	590.865	18
0.2	0.0062961	68.375	541.185	609.56	28
0.1	0.0067237	60.75	637.25	698	57
0	0.007577	35.25	796.07	831.32	61
1	0.0074043	81.25	480.905	562.155	0
0.9	0.0066104	81.125	481.335	562.46	0
0.8	0.0063357	81.375	482.515	563.89	0
0.7	0.0065283	80.875	480.8	561.675	0
0.6	0.0063269	80.25	485.615	565.865	4
0.5	0.00632	80	488.87	568.87	6
0.4	0.0065109	78.5	492.48	570.98	15
0.3	0.006615	78.5	502.99	581.49	25
0.2	0.0064794	76.375	521.84	598.215	36
0.1	0.0064406	61.125	620.86	681.985	62
0	0.0071683	36	773.19	809.19	66
1	0.0065078	65.875	585.285	651.16	0
0.9	0.0065601	66.125	585.425	651.55	0
0.8	0.0063539	66	584.625	650.625	0
0.7	0.007327	65.875	585.055	650.93	0
0.6	0.0065033	65.25	587.005	652.255	2
0.5	0.0065533	65.75	586.475	652.225	2
0.4	0.0064774	65.125	588.355	653.48	3
0.3	0.0065237	65.25	596.935	662.185	14
0.2	0.0065798	60.5	628.615	689.115	27
0.1	0.0064266	52.75	696.04	748.79	48
0	0.0061556	30.875	813.25	844.125	59
1	0.0067912	87.375	589.795	677.17	0
0.9	0.0064763	87.625	589.185	676.81	0
0.8	0.0062531	86.875	588.94	675.815	0
0.7	0.0063049	88	588.23	676.23	0
0.6	0.0062207	86.875	591.31	678.185	2
0.5	0.0079732	87.375	592.47	679.845	6
0.4	0.0082976	86.125	597.815	683.94	13
0.3	0.007673	81	621.13	702.13	28
0.2	0.0063535	77.25	649.605	726.855	40
0.1	0.0065612	60.5	757.44	817.94	68
0	0.0071447	37.125	873.985	911.11	76
1	0.0068232	72.875	596.07	668.945	0
0.9	0.0066305	73.125	596.79	669.915	0
0.8	0.006425	72.5	601.405	673.905	0
0.7	0.0066175	70.875	604.005	674.88	0
0.6	0.0065351	74.375	596.685	671.06	0
0.5	0.0065173	74.5	597.13	671.63	0
0.4	0.0064299	73.375	600.07	673.445	0
0.3	0.0077958	70.25	619.54	689.79	17
0.2	0.0065854	68.875	640.29	709.165	28
0.1	0.006957	62.875	695.405	758.28	43
0	0.0065966	38.75	822.28	861.03	51
1	0.0062187	66.875	537.49	604.365	0
0.9	0.0062574	65.75	539.615	605.365	0
0.8	0.0062588	66.875	537.38	604.255	0
0.7	0.0062101	67.25	539.795	607.045	0
0.6	0.0063798	66.625	538.645	605.27	6
0.5	0.0063066	66.125	543.175	609.3	12
0.4	0.0062646	65.5	547.065	612.565	17
0.3	0.006431	65.875	553.22	619.095	28
0.2	0.007874	62.625	574.945	637.57	37
0.1	0.0065309	49.25	675.05	724.3	62
0	0.0064203	32	764.8	796.8	62
1	0.0065615	58.875	739.79	798.665	0
0.9	0.0066224	56.75	740.99	797.74	0
0.8	0.0065203	57	740.555	797.555	0
0.7	0.0064859	57.625	740.61	798.235	0
0.6	0.0062336	58.875	739.665	798.54	0
0.5	0.0062303	58.375	740.68	799.055	0
0.4	0.0062373	58.75	740.445	799.195	0
0.3	0.0063437	56.875	746.7	803.575	5
0.2	0.0064646	55.625	772.51	828.135	21
0.1	0.0064792	42.875	867.78	910.655	49
0	0.006315	32.25	959.495	991.745	61
1	0.006219	74.75	566.345	641.095	0
0.9	0.0062932	75.5	563.83	639.33	0
0.8	0.0061771	74.875	566.145	641.02	0
0.7	0.0064007	75.25	564.125	639.375	0
0.6	0.0072929	75.25	564.515	639.765	0
0.5	0.0063558	75.25	564.82	640.07	4
0.4	0.0063603	74.75	570.45	645.2	9
0.3	0.0063245	73.875	578.52	652.395	19
0.2	0.006493	71.375	597.775	669.15	32
0.1	0.006937	65.875	645.115	710.99	50
0	0.0070041	33.375	802.415	835.79	63
1	0.0061545	66.5	574.89	641.39	0
0.9	0.0061387	67.375	575.69	643.065	0
0.8	0.0060944	66.5	577.275	643.775	0
0.7	0.0060903	68	579.56	647.56	0
0.6	0.0061664	67.125	574.115	641.24	0
0.5	0.0061492	66.25	580.36	646.61	8
0.4	0.0062143	66.625	580.89	647.515	10
0.3	0.0061854	66.125	583.155	649.28	13
0.2	0.0062245	59.875	622.68	682.555	32
0.1	0.0062136	50.625	704.505	755.13	55
0	0.0067779	27	873.615	900.615	71
1	0.0063941	78.25	566.825	645.075	0
0.9	0.0063734	74.375	570.935	645.31	0
0.8	0.0064577	74.875	570.065	644.94	0
0.7	0.0063456	75.125	570.64	645.765	0
0.6	0.0065467	75.125	570.25	645.375	0
0.5	0.0064892	74.75	570.395	645.145	0
0.4	0.0064338	74.375	573.22	647.595	4
0.3	0.0064919	74	579.94	653.94	12
0.2	0.0066293	65.625	612.835	678.46	31
0.1	0.0070007	57.625	671.06	728.685	50
0	0.0068829	42.875	754.41	797.285	56
1	0.0064125	83.375	480.34	563.715	0
0.9	0.0063056	82.5	480.685	563.185	0
0.8	0.0065072	83	480.505	563.505	0
0.7	0.0065231	83.75	479.26	563.01	0
0.6	0.0078467	83.625	479.415	563.04	0
0.5	0.006491	83.375	481.085	564.46	2
0.4	0.0064176	84	481.005	565.005	3
0.3	0.0065698	82	489.565	571.565	12
0.2	0.0065781	81.5	496.53	578.03	16
0.1	0.0066824	75.5	565.765	641.265	42
0	0.0073536	50.25	677.3	727.55	54
1	0.0062138	90.75	390.025	480.775	0
0.9	0.0061225	90.375	391.245	481.62	0
0.8	0.0062651	90.375	390.42	480.795	0
0.7	0.0061848	91	390.23	481.23	0
0.6	0.0064002	90.875	390.15	481.025	0
0.5	0.0067259	90.25	393.56	483.81	4
0.4	0.0061174	90.125	394.97	485.095	8
0.3	0.0062239	89.5	400.535	490.035	18
0.2	0.0063498	89.625	405.275	494.9	25
0.1	0.0075516	79	476.245	555.245	56
0	0.0068142	60.75	606.9	667.65	66
1	0.0072656	104.625	491.535	596.16	0
0.9	0.006943	101.75	494.705	596.455	0
0.8	0.0068899	104.875	491.74	596.615	0
0.7	0.0078699	103.125	492.74	595.865	0
0.6	0.0063745	105.625	490.755	596.38	0
0.5	0.0064847	101.625	493.865	595.49	0
0.4	0.0066733	100.625	497.24	597.865	5
0.3	0.0064649	101.75	499.685	601.435	11
0.2	0.0065768	103.25	503.395	606.645	17
0.1	0.0065604	94.5	547.265	641.765	37
0	0.0066304	62.375	699.455	761.83	47
1	0.0064477	73.875	669.52	743.395	0
0.9	0.006458	73.5	670.02	743.52	0
0.8	0.007463	73.125	672.795	745.92	0
0.7	0.0062526	73.5	670.935	744.435	0
0.6	0.0062904	74.125	669.08	743.205	0
0.5	0.0064312	74.25	668.73	742.98	0
0.4	0.006387	72.75	675.705	748.455	9
0.3	0.0064757	72.375	681.97	754.345	17
0.2	0.0063802	72.75	695.29	768.04	25
0.1	0.0065244	64.875	753.205	818.08	44
0	0.0075455	35.125	923.885	959.01	61
1	0.0065253	70.25	680.675	750.925	0
0.9	0.0063043	69.375	688.15	757.525	0
0.8	0.0066068	69.25	682.62	751.87	0
0.7	0.0067545	69.5	680.22	749.72	0
0.6	0.0066734	70.625	678.35	748.975	0
0.5	0.0073441	68	690.765	758.765	4
0.4	0.0065351	67.875	690.965	758.84	9
0.3	0.0066979	67.625	692	759.625	13
0.2	0.0067558	65	711.18	776.18	25
0.1	0.0072033	55.875	786.165	842.04	48
0	0.0067036	47.125	857.14	904.265	50
1	0.0062991	68.125	651.81	719.935	0
0.9	0.0063552	67.625	651.01	718.635	0
0.8	0.0063124	68	653.505	721.505	0
0.7	0.0062663	67	653.905	720.905	0
0.6	0.0063342	66.625	654.26	720.885	0
0.5	0.006429	67.625	651.03	718.655	2
0.4	0.0063144	67.25	654.26	721.51	4
0.3	0.0063914	64.875	662.705	727.58	11
0.2	0.0064832	59.625	687.995	747.62	25
0.1	0.0079413	56.25	725.4	781.65	45
0	0.0061648	32.375	919.735	952.11	71
1	0.0062385	72.625	464.625	537.25	0
0.9	0.0060584	71.875	471.53	543.405	0
0.8	0.0062937	72.125	465.09	537.215	0
0.7	0.0060938	71.75	466.53	538.28	0
0.6	0.0060809	71.375	468.21	539.585	0
0.5	0.0061613	73.25	463.24	536.49	0
0.4	0.0061966	71.625	468.65	540.275	6
0.3	0.0061618	71.75	477.035	548.785	15
0.2	0.0062242	70.625	483.535	554.16	23
0.1	0.0063082	66.875	528.635	595.51	41
0	0.0065134	28.625	747.09	775.715	66
1	0.0074398	60.5	680.935	741.435	0
0.9	0.0063352	59.5	684.69	744.19	0
0.8	0.0064459	61.5	677.11	738.61	0
0.7	0.0062011	60.5	681.865	742.365	0
0.6	0.0063073	60.875	679.065	739.94	0
0.5	0.0063793	59.75	683.905	743.655	0
0.4	0.0064188	61	678.745	739.745	2
0.3	0.0062779	61	681.825	742.825	6
0.2	0.0068278	59.5	694.58	754.08	16
0.1	0.0088157	57.125	718.515	775.64	28
0	0.0066879	29.375	866.37	895.745	41
1	0.0063159	72.75	479.47	552.22	0
0.9	0.006273	72.625	479.19	551.815	0
0.8	0.0062258	72.625	478.935	551.56	0
0.7	0.0071582	72.5	479.995	552.495	0
0.6	0.0061221	72.375	481.565	553.94	0
0.5	0.0062489	72.5	479.35	551.85	0
0.4	0.0065648	72.25	480.45	552.7	5
0.3	0.0068677	72	483.025	555.025	9
0.2	0.0086373	69.625	496.725	566.35	18
0.1	0.006584	65.75	534.335	600.085	36
0	0.0063593	27.625	714.055	741.68	60
1	0.0063408	92.625	590.595	683.22	0
0.9	0.0064434	92.875	589.685	682.56	0
0.8	0.0064394	93	591.41	684.41	0
0.7	0.0064898	92.875	589.37	682.245	0
0.6	0.0067421	93.5	587.2	680.7	0
0.5	0.0076875	91.75	590.155	681.905	0
0.4	0.0063775	91.375	595.3	686.675	0
0.3	0.0066499	92.75	592.62	685.37	5
0.2	0.0065232	91	600.46	691.46	8
0.1	0.0067491	79.5	662.49	741.99	29
0	0.0068368	47	835.805	882.805	52
1	0.0060614	89.625	598.845	688.47	0
0.9	0.006167	90.375	596.54	686.915	0
0.8	0.006247	91	595.235	686.235	0
0.7	0.0061402	89.25	599.62	688.87	0
0.6	0.0061146	91.125	597.09	688.215	0
0.5	0.0060411	88.625	603.81	692.435	0
0.4	0.0071902	88	610.865	698.865	9
0.3	0.0061708	89.25	607.485	696.735	19
0.2	0.0061297	88.125	625.355	713.48	28
0.1	0.0060866	76.75	690.695	767.445	49
0	0.0058631	33.5	977.79	1011.29	78
1	0.0063933	80.25	608.315	688.565	0
0.9	0.0063986	80.25	606.42	686.67	0
0.8	0.0064912	80.5	607.7	688.2	0
0.7	0.0064691	79.5	608.395	687.895	0
0.6	0.0063561	80.375	608.465	688.84	0
0.5	0.0065668	78.875	611.41	690.285	4
0.4	0.0064392	78.875	611.86	690.735	4
0.3	0.0065239	81.5	606.96	688.46	7
0.2	0.0063596	76.875	627.13	704.005	18
0.1	0.0066216	70.875	671.635	742.51	40
0	0.0084234	39	831.94	870.94	61
1	0.0060674	76.125	556.905	633.03	0
0.9	0.006238	77.25	551.84	629.09	0
0.8	0.0062064	77.125	551.885	629.01	0
0.7	0.0062052	76.5	553.4	629.9	0
0.6	0.006185	77.5	551.26	628.76	0
0.5	0.0060536	76.25	557.815	634.065	2
0.4	0.0061295	76.25	554.735	630.985	4
0.3	0.006269	76.125	558.665	634.79	12
0.2	0.0063387	74.625	573.825	648.45	27
0.1	0.0062486	70.875	617.6	688.475	46
0	0.0066554	33.125	825.785	858.91	72
1	0.0062141	88.375	478.45	566.825	0
0.9	0.0061319	88.375	479.925	568.3	0
0.8	0.0061453	87.625	479.875	567.5	0
0.7	0.0061411	87.875	479.27	567.145	0
0.6	0.0061112	88.375	479.045	567.42	0
0.5	0.0061502	88.625	478.87	567.495	4
0.4	0.0062333	88.25	480.775	569.025	6
0.3	0.0074159	88.25	481.685	569.935	9
0.2	0.0061113	86.625	492.3	578.925	20
0.1	0.0063213	80.625	535.665	616.29	44
0	0.0072591	49.125	710.02	759.145	57
1	0.0063992	94.375	603.22	697.595	0
0.9	0.0065824	94.75	599.04	693.79	0
0.8	0.0066143	94.5	599.105	693.605	0
0.7	0.0066025	95	599.695	694.695	0
0.6	0.006576	93.375	607.745	701.12	0
0.5	0.0066246	94.375	599	693.375	0
0.4	0.0090257	94.125	600.355	694.48	0
0.3	0.0066565	95.125	600.85	695.975	0
0.2	0.0066735	92	615.87	707.87	15
0.1	0.0066586	91.75	633.19	724.94	24
0	0.0071945	42.25	943.525	985.775	63
1	0.0061989	77.375	646.31	723.685	0
0.9	0.0062349	77.125	648.365	725.49	0
0.8	0.0061524	77.375	647.245	724.62	0
0.7	0.006311	76	649.365	725.365	0
0.6	0.0069361	76.875	648.415	725.29	0
0.5	0.0060317	76.75	651.645	728.395	0
0.4	0.0061259	76.5	648.63	725.13	2
0.3	0.006188	75.75	654.19	729.94	12
0.2	0.006231	73.25	668.755	742.005	22
0.1	0.0062965	66.75	702.1	768.85	35
0	0.0061925	31.625	895	926.625	59
1	0.0088169	87.875	692.465	780.34	0
0.9	0.0062645	86.625	693.865	780.49	0
0.8	0.0064973	87.25	696.595	783.845	0
0.7	0.006418	88.25	693.23	781.48	0
0.6	0.0067115	87.625	693.955	781.58	0
0.5	0.0085934	86.25	696.095	782.345	2
0.4	0.008264	86.625	695.44	782.065	4
0.3	0.0064641	85.5	701.895	787.395	7
0.2	0.0065695	86.125	705.87	791.995	14
0.1	0.0070964	79.875	739.975	819.85	30
0	0.008812	45	942.87	987.87	57
1	0.0068985	68.625	497.99	566.615	0
0.9	0.0065837	68.5	496.285	564.785	0
0.8	0.0062635	68.25	499.435	567.685	0
0.7	0.0063728	68.75	497.55	566.3	0
0.6	0.0064383	68.5	498.24	566.74	0
0.5	0.0069163	69.125	492.65	561.775	0
0.4	0.0066926	68.125	496.77	564.895	4
0.3	0.0063025	68.125	499.66	567.785	6
0.2	0.0066464	65.5	504.875	570.375	12
0.1	0.0064698	59.25	541.6	600.85	28
0	0.0076026	39.75	687.51	727.26	54
1	0.0062654	76.875	569.97	646.845	0
0.9	0.0062563	76.25	571.37	647.62	0
0.8	0.0063189	77	571.045	648.045	0
0.7	0.0062236	77	570.245	647.245	0
0.6	0.0061987	76.75	569.795	646.545	0
0.5	0.0075181	76.625	570.87	647.495	0
0.4	0.0061053	76.75	571.84	648.59	2
0.3	0.0062171	76.25	573.75	650	9
0.2	0.006367	75.125	588.665	663.79	22
0.1	0.0062787	70.5	631.72	702.22	40
0	0.0073793	44	804.71	848.71	67
1	0.0062669	81.375	723.52	804.895	0
0.9	0.0063962	79.875	727.99	807.865	0
0.8	0.0062104	80.75	728.455	809.205	0
0.7	0.0059857	77.875	735.28	813.155	0
0.6	0.0060999	80.875	726.48	807.355	0
0.5	0.0060614	80.25	728.41	808.66	4
0.4	0.0061522	80.625	727.48	808.105	4
0.3	0.0061978	79.5	731.095	810.595	6
0.2	0.0063168	79.125	735.095	814.22	13
0.1	0.006245	77	751.72	828.72	22
0	0.0073584	30	1077.01	1107.01	68
1	0.0074918	95.875	626.775	722.65	0
0.9	0.0060354	93.625	630.1	723.725	0
0.8	0.0060576	93.875	629.59	723.465	0
0.7	0.0060768	95.75	626.34	722.09	0
0.6	0.0060842	95.125	627.12	722.245	0
0.5	0.0061554	95	627.375	722.375	0
0.4	0.0060064	93.625	630.315	723.94	0
0.3	0.0060228	94.25	631.77	726.02	4
0.2	0.0060391	91.625	648.595	740.22	21
0.1	0.0060236	84.25	695.395	779.645	44
0	0.0069714	44.625	928.13	972.755	67
1	0.0065913	75.5	548.495	623.995	0
0.9	0.0065375	75.5	548.075	623.575	0
0.8	0.0065853	75.5	547.94	623.44	0
0.7	0.0066041	75.125	549.93	625.055	0
0.6	0.0078606	75.375	548.96	624.335	0
0.5	0.0066065	75.375	548.555	623.93	0
0.4	0.0066386	75.25	549.91	625.16	2
0.3	0.0063629	74.75	555.425	630.175	4
0.2	0.0071187	73	566.715	639.715	19
0.1	0.0066549	69.375	595.24	664.615	38
0	0.0074712	49.875	740.14	790.015	53
1	0.0066483	67	620.385	687.385	0
0.9	0.0065214	67	618.42	685.42	0
0.8	0.0067354	66.875	616.615	683.49	0
0.7	0.0063155	67.375	616.26	683.635	0
0.6	0.0076141	67.375	618.455	685.83	0
0.5	0.0064949	67.875	617.125	685	0
0.4	0.006353	67.125	618.745	685.87	2
0.3	0.0071242	67.25	617.65	684.9	3
0.2	0.007821	66.375	624.37	690.745	6
0.1	0.0065934	57.125	658.99	716.115	26
0	0.0070976	34.375	838.765	873.14	51
1	0.0063114	77.75	658.79	736.54	0
0.9	0.006579	77.375	657.785	735.16	0
0.8	0.0062768	77	660.95	737.95	0
0.7	0.0061914	76.375	662.945	739.32	0
0.6	0.0061949	76.5	663.69	740.19	0
0.5	0.0064346	78.375	657.6	735.975	0
0.4	0.006299	78.125	658.54	736.665	0
0.3	0.0061553	76.875	661.67	738.545	3
0.2	0.0061386	76.625	671.66	748.285	16
0.1	0.0065786	73.5	692.4	765.9	29
0	0.0061882	34.125	899.17	933.295	65
1	0.0060212	89	544.37	633.37	0
0.9	0.0071162	88.5	546.24	634.74	0
0.8	0.0060826	89.25	544.185	633.435	0
0.7	0.0061862	88.75	544.31	633.06	0
0.6	0.0060432	89	542.26	631.26	0
0.5	0.0061518	88.875	544.28	633.155	0
0.4	0.0060173	89.5	542.15	631.65	0
0.3	0.0059265	88.75	547.08	635.83	0
0.2	0.006093	88.125	551	639.125	7
0.1	0.0061001	82.25	583.88	666.13	23
0	0.0075728	42.75	803.5	846.25	56
1	0.0063508	76.375	635.945	712.32	0
0.9	0.0061704	75.125	639.185	714.31	0
0.8	0.0062617	76.125	635.215	711.34	0
0.7	0.0062834	75.25	637.495	712.745	0
0.6	0.0063901	77.375	634.695	712.07	0
0.5	0.007427	77.25	635.76	713.01	0
0.4	0.0061787	76.625	635.15	711.775	0
0.3	0.0060927	75.875	644.395	720.27	9
0.2	0.0062213	74.875	657.74	732.615	22
0.1	0.0061936	68.625	714.025	782.65	49
0	0.0066621	36.375	870.08	906.455	71
1	0.0062167	60	588.655	648.655	0
0.9	0.0062004	61.5	585.71	647.21	0
0.8	0.006173	60.375	588.96	649.335	0
0.7	0.0061471	59.75	590.41	650.16	0
0.6	0.0063126	60.625	587.13	647.755	0
0.5	0.0061768	60.5	588.225	648.725	0
0.4	0.0061342	60.375	590.165	650.54	4
0.3	0.0062519	61.125	587.35	648.475	4
0.2	0.0076647	60	598.31	658.31	13
0.1	0.0064697	55.125	650.975	706.1	35
0	0.0058729	23.875	860.225	884.1	65
1	0.0060392	88.5	597.365	685.865	0
0.9	0.0060742	89.75	597.055	686.805	0
0.8	0.0060387	88.25	596.21	684.46	0
0.7	0.0060548	88.375	596.865	685.24	0
0.6	0.0059231	85.25	606.495	691.745	0
0.5	0.0060322	88.5	597.47	685.97	2
0.4	0.0063558	88.625	595.735	684.36	4
0.3	0.0061067	88.125	598.46	686.585	8
0.2	0.0061234	84.625	612.305	696.93	16
0.1	0.0062231	78.75	638.965	717.715	31
0	0.0073555	48.5	858.295	906.795	65
1	0.0058933	67	422.73	489.73	0
0.9	0.00634	66.25	426.525	492.775	0
0.8	0.0058034	65.5	426.51	492.01	0
0.7	0.0074232	66.875	422.9	489.775	0
0.6	0.005953	67.125	422.81	489.935	0
0.5	0.0059938	64.625	427.27	491.895	0
0.4	0.0059064	66.625	424.56	491.185	6
0.3	0.0057876	63.875	431.265	495.14	14
0.2	0.0058686	64	439.195	503.195	27
0.1	0.0059225	57.5	469.09	526.59	45
0	0.0054096	31.25	629.16	660.41	68
1	0.0067436	67.5	631.56	699.06	0
0.9	0.0064905	67.375	631.84	699.215	0
0.8	0.0064365	68	630.56	698.56	0
0.7	0.0064994	68.25	629.795	698.045	0
0.6	0.0063265	66.875	636.175	703.05	0
0.5	0.0065743	67.75	632.675	700.425	0
0.4	0.0064473	67.875	629.605	697.48	0
0.3	0.0064725	66.375	637.37	703.745	4
0.2	0.0079537	66.75	641.41	708.16	12
0.1	0.0062687	61.125	674.375	735.5	26
0	0.0065577	29.875	878.07	907.945	64
1	0.0060601	81	544.045	625.045	0
0.9	0.0061271	82	542.355	624.355	0
0.8	0.0061308	80.875	544.815	625.69	0
0.7	0.0064229	83.625	536.63	620.255	0
0.6	0.0061965	81.875	542.865	624.74	0
0.5	0.0059817	81.125	544.68	625.805	0
0.4	0.0059813	81.625	545.19	626.815	0
0.3	0.0062314	80.125	549.02	629.145	3
0.2	0.0060752	80.25	551.735	631.985	11
0.1	0.0060008	75.625	581.375	657	28
0	0.0067563	38.25	856.615	894.865	67
1	0.0060692	58.25	427.32	485.57	0
0.9	0.006062	60.625	423.005	483.63	0
0.8	0.0069825	60.25	426.27	486.52	0
0.7	0.0059691	60.375	425.405	485.78	0
0.6	0.0060374	60.125	423.275	483.4	0
0.5	0.0059949	59.5	424.585	484.085	0
0.4	0.0061339	60.625	422.28	482.905	0
0.3	0.0060708	60	427.24	487.24	4
0.2	0.0059828	59.125	429.325	488.45	7
0.1	0.0059009	57.5	440.675	498.175	18
0	0.0056235	28.25	617.045	645.295	62
1	0.0060342	60.625	547.785	608.41	0
0.9	0.0060004	59.875	548.205	608.08	0
0.8	0.0064114	60.25	548.325	608.575	0
0.7	0.0068531	60.625	547.265	607.89	0
0.6	0.0058764	60.375	548.25	608.625	0
0.5	0.0058934	60.875	546.93	607.805	0
0.4	0.0070453	59.125	549.38	608.505	0
0.3	0.0059381	59	553.38	612.38	7
0.2	0.0060041	58.25	556.19	614.44	12
0.1	0.0059916	56.5	575.805	632.305	30
0	0.0055154	21.375	811.51	832.885	68
1	0.0060347	78.375	596.395	674.77	0
0.9	0.0060702	77.75	597.08	674.83	0
0.8	0.0061621	78	596.75	674.75	0
0.7	0.0061155	78	597.01	675.01	0
0.6	0.006176	78.25	596.475	674.725	0
0.5	0.0061701	78.125	594.29	672.415	0
0.4	0.0062374	77.75	598.24	675.99	2
0.3	0.0062078	79.25	597.42	676.67	2
0.2	0.006084	75.5	609.55	685.05	16
0.1	0.0074293	72.125	633.77	705.895	29
0	0.0064008	36.5	869.225	905.725	76
1	0.0063462	57.125	628.39	685.515	0
0.9	0.0063666	57.5	626.4	683.9	0
0.8	0.0064277	57.875	626.675	684.55	0
0.7	0.0062711	57.125	628.775	685.9	0
0.6	0.0063378	56.375	628.815	685.19	0
0.5	0.0061916	57	629.22	686.22	0
0.4	0.0067662	57.625	628.785	686.41	2
0.3	0.0064693	58.125	627.105	685.23	2
0.2	0.0063033	57.375	631.05	688.425	5
0.1	0.0063299	55.875	646.005	701.88	19
0	0.0058525	25.625	848.865	874.49	51
1	0.0060185	87.125	381.805	468.93	0
0.9	0.0073355	86.75	382.38	469.13	0
0.8	0.0062447	87.125	381.855	468.98	0
0.7	0.0060257	86.5	381.855	468.355	0
0.6	0.0058728	85.875	389.755	475.63	0
0.5	0.0059561	86.5	382.43	468.93	0
0.4	0.0059909	87.25	381.58	468.83	0
0.3	0.0059755	87	381.93	468.93	0
0.2	0.0059299	83.625	395.195	478.82	9
0.1	0.0059899	78.125	420.805	498.93	31
0	0.0067922	37.5	662.46	699.96	76
1	0.0062666	84.875	693.23	778.105	0
0.9	0.0061468	84.75	693.56	778.31	0
0.8	0.0062289	85.875	690.66	776.535	0
0.7	0.0061821	84.125	694.945	779.07	0
0.6	0.0061401	86.125	692.75	778.875	0
0.5	0.0063838	85.875	692.55	778.425	0
0.4	0.0061388	85.625	692.25	777.875	2
0.3	0.0076376	84.75	697.915	782.665	8
0.2	0.006196	84	701.86	785.86	11
0.1	0.0062033	81.25	723.925	805.175	23
0	0.0075911	34.375	1003.125	1037.5	59
1	0.0081074	89.25	570.965	660.215	0
0.9	0.0060196	90.5	564.51	655.01	0
0.8	0.0060758	90.375	562.375	652.75	0
0.7	0.0059593	90.25	562.92	653.17	0
0.6	0.0060181	89.375	567.22	656.595	0
0.5	0.0059754	90.125	564.05	654.175	0
0.4	0.0058135	89.875	570.95	660.825	0
0.3	0.0059393	89.125	573.625	662.75	4
0.2	0.0060771	87.125	578.19	665.315	14
0.1	0.0059702	81	616.36	697.36	33
0	0.0056233	35.5	863.275	898.775	65
1	0.0057904	85.875	463.91	549.785	0
0.9	0.005841	87.5	460.99	548.49	0
0.8	0.0059031	87.375	460.12	547.495	0
0.7	0.0058219	86.625	463.175	549.8	0
0.6	0.0058849	86.875	461.355	548.23	0
0.5	0.0058699	86.75	460.88	547.63	0
0.4	0.0067915	87.375	461.34	548.715	0
0.3	0.0058616	87.375	460.62	547.995	0
0.2	0.0058977	86.125	464.595	550.72	4
0.1	0.0060491	82.875	493.875	576.75	24
0	0.00715	37.125	741.435	778.56	71
1	0.0063737	68.375	536.495	604.87	0
0.9	0.0061343	66.375	540.57	606.945	0
0.8	0.0062946	67.875	537.23	605.105	0
0.7	0.0063216	67.25	537.99	605.24	0
0.6	0.006341	67.25	538.69	605.94	0
0.5	0.0063624	67	538.91	605.91	0
0.4	0.0075778	68.125	536.945	605.07	0
0.3	0.0077996	67.25	540.165	607.415	4
0.2	0.0069701	66.25	542.43	608.68	7
0.1	0.00657	65.75	555.845	621.595	17
0	0.0070266	31.25	763.675	794.925	56
1	0.0062559	77.625	544.775	622.4	0
0.9	0.0063045	77.5	539.9	617.4	0
0.8	0.0068207	77.375	543.94	621.315	0
0.7	0.006364	77.375	541.535	618.91	0
0.6	0.0071952	77.75	538.92	616.67	0
0.5	0.0061181	77.5	544.215	621.715	0
0.4	0.0059505	77.375	546	623.375	0
0.3	0.0060884	77.375	545.445	622.82	6
0.2	0.0062499	76	551.375	627.375	15
0.1	0.0060759	73.5	583.975	657.475	36
0	0.0072476	37.875	780.12	817.995	68
1	0.00616	70	474.22	544.22	0
0.9	0.0061112	71	472.3	543.3	0
0.8	0.0061528	70.625	472.645	543.27	0
0.7	0.0063505	71	471.09	542.09	0
0.6	0.0060966	71.125	474.05	545.175	0
0.5	0.006087	70.875	476.075	546.95	0
0.4	0.0062375	71.25	471.96	543.21	0
0.3	0.0060975	71	474.265	545.265	4
0.2	0.006208	67.375	485.62	552.995	14
0.1	0.0061895	67.5	507.525	575.025	28
0	0.0071844	32	747.945	779.945	74
1	0.0064151	80	425.845	505.845	0
0.9	0.0070668	76.875	432.615	509.49	0
0.8	0.0061247	79.875	426.115	505.99	0
0.7	0.0061158	78.625	427.395	506.02	0
0.6	0.006101	77.125	430.4	507.525	0
0.5	0.0062694	79.625	426.345	505.97	0
0.4	0.0060883	78.375	427.795	506.17	0
0.3	0.006019	78.125	429.39	507.515	2
0.2	0.0060863	78.625	429.395	508.02	4
0.1	0.0065161	76.625	441.605	518.23	22
0	0.0061496	35.25	634.08	669.33	58
1	0.0064485	69.75	585.32	655.07	0
0.9	0.0065064	68.625	587.05	655.675	0
0.8	0.0063574	70.125	585.875	656	0
0.7	0.006367	68.875	587.685	656.56	0
0.6	0.0064064	69.875	585.515	655.39	0
0.5	0.0066649	69.5	587.07	656.57	0
0.4	0.0064871	69.5	586.215	655.715	0
0.3	0.0065496	68.875	587.555	656.43	2
0.2	0.0083193	68.375	591.745	660.12	7
0.1	0.00644	62.125	615.53	677.655	24
0	0.0068722	45.75	751.96	797.71	51
1	0.0060403	79.25	621.245	700.495	0
0.9	0.0060922	79.125	618.68	697.805	0
0.8	0.0061487	78.75	619.425	698.175	0
0.7	0.0061375	79	618.08	697.08	0
0.6	0.0060566	78.5	619.915	698.415	0
0.5	0.0063286	79.125	617.75	696.875	0
0.4	0.0061577	79	618.69	697.69	0
0.3	0.0063826	78.75	620.19	698.94	6
0.2	0.0061968	77.75	624.445	702.195	9
0.1	0.0062087	75.375	639.02	714.395	23
0	0.0069521	38	900.22	938.22	69
1	0.0063619	92.125	540.605	632.73	0
0.9	0.0062674	92.375	541.39	633.765	0
0.8	0.0060999	89.875	548.25	638.125	0
0.7	0.0074068	92.75	537.895	630.645	0
0.6	0.0064653	91.625	542.96	634.585	0
0.5	0.00653	90.375	545.27	635.645	0
0.4	0.0064505	92.125	540.46	632.585	0
0.3	0.0061973	92	541.135	633.135	0
0.2	0.0062545	92.875	538.7	631.575	0
0.1	0.006203	88	560.8	648.8	13
0	0.006408	39.875	839.435	879.31	62
1	0.0059066	66	679.725	745.725	0
0.9	0.005972	66.125	679.565	745.69	0
0.8	0.0059339	66.5	678.65	745.15	0
0.7	0.0059219	66	679.325	745.325	0
0.6	0.0059709	66	679.8	745.8	0
0.5	0.0060206	66.125	678.235	744.36	0
0.4	0.0059084	66.625	681.055	747.68	0
0.3	0.0059492	65.25	680.07	745.32	0
0.2	0.0058955	66.5	679.71	746.21	1
0.1	0.0074587	62.375	719.995	782.37	27
0	0.005421	36.625	883.265	919.89	55
1	0.0060984	74.875	507.18	582.055	0
0.9	0.0060469	74.5	507.3	581.8	0
0.8	0.0060505	75.125	508.58	583.705	0
0.7	0.0061842	74.75	505.615	580.365	0
0.6	0.0060856	74.75	508.435	583.185	0
0.5	0.0060694	74.75	509.375	584.125	0
0.4	0.0060261	74.125	509.96	584.085	0
0.3	0.0062337	75.25	509.91	585.16	2
0.2	0.0059295	74.875	512.68	587.555	6
0.1	0.0061794	70.75	533.42	604.17	24
0	0.0072097	39.875	731.35	771.225	51
1	0.0061529	71.75	531.595	603.345	0
0.9	0.0060776	71.25	532.175	603.425	0
0.8	0.00629	72.25	527.01	599.26	0
0.7	0.0063689	71.625	528.895	600.52	0
0.6	0.0072218	72.125	530	602.125	0
0.5	0.0062229	72.25	529.48	601.73	0
0.4	0.0060936	72.375	529.8	602.175	0
0.3	0.0063285	72.875	524.07	596.945	0
0.2	0.0063266	72	529.495	601.495	5
0.1	0.0060727	68.625	562.5	631.125	23
0	0.0077879	35.25	778.165	813.415	60
1	0.0059091	59	482.475	541.475	0
0.9	0.0059148	59.125	482.745	541.87	0
0.8	0.0059249	59.375	481.73	541.105	0
0.7	0.0059817	59.25	482.045	541.295	0
0.6	0.0058678	58.75	483.035	541.785	0
0.5	0.005906	58.375	484.78	543.155	0
0.4	0.0059073	58.125	483.385	541.51	0
0.3	0.0059924	59	481.815	540.815	0
0.2	0.0060032	59.375	485.105	544.48	2
0.1	0.0071841	57.125	503.46	560.585	20
0	0.0064506	24.5	747.76	772.26	69
1	0.006109	78.5	499.855	578.355	0
0.9	0.0061392	79	499.195	578.195	0
0.8	0.006238	79.625	498.195	577.82	0
0.7	0.0061608	78.625	500.5	579.125	0
0.6	0.0062621	77.375	499.3	576.675	0
0.5	0.0062048	78	498.435	576.435	0
0.4	0.0062282	78.25	498.935	577.185	0
0.3	0.0061365	78.5	498.825	577.325	0
0.2	0.006549	76.375	504.08	580.455	8
0.1	0.0064087	73.875	525.24	599.115	27
0	0.0066925	39.5	742.835	782.335	75
1	0.0060932	81.75	557.08	638.83	0
0.9	0.0062716	81.75	553.49	635.24	0
0.8	0.0072032	81.25	559.24	640.49	0
0.7	0.0061331	81.875	556.31	638.185	0
0.6	0.0061892	81.5	557.47	638.97	0
0.5	0.0061205	82	557.41	639.41	0
0.4	0.0061354	81.125	558.295	639.42	0
0.3	0.0059465	80.25	559.595	639.845	0
0.2	0.0062805	81.375	557.88	639.255	6
0.1	0.0061141	78.625	578.54	657.165	22
0	0.0063653	38.5	807.83	846.33	68
1	0.0060278	73.5	714.235	787.735	0
0.9	0.0060601	72.75	716.615	789.365	0
0.8	0.0060531	72.25	716.135	788.385	0
0.7	0.0060013	73	715.565	788.565	0
0.6	0.0059777	72.75	718	790.75	0
0.5	0.0059731	72.375	717.12	789.495	0
0.4	0.0070737	72.25	717.77	790.02	2
0.3	0.0060649	73.75	717.945	791.695	5
0.2	0.006009	72.375	719.625	792	9
0.1	0.0078884	67.5	744.33	811.83	26
0	0.0058083	34.5	953.74	988.24	58
1	0.0059396	73.25	493.18	566.43	0
0.9	0.0060949	73.625	492.35	565.975	0
0.8	0.0059047	73.5	493.665	567.165	0
0.7	0.005889	73.5	492.83	566.33	0
0.6	0.0059342	73.375	493.11	566.485	0
0.5	0.0059415	73.25	493.78	567.03	0
0.4	0.0064616	73.25	493.915	567.165	0
0.3	0.0059426	73	495.05	568.05	6
0.2	0.0059398	71.625	497.27	568.895	10
0.1	0.0070596	69.25	512.995	582.245	28
0	0.0061201	35.875	740.765	776.64	77
1	0.0060961	73.625	612.73	686.355	0
0.9	0.0063683	73.5	614.585	688.085	0
0.8	0.0061408	73	612.715	685.715	0
0.7	0.0061624	74.5	609.835	684.335	0
0.6	0.0061316	74.625	609.7	684.325	0
0.5	0.0062148	74	611.165	685.165	0
0.4	0.0060986	73.375	615.36	688.735	0
0.3	0.0063182	73.375	614.485	687.86	2
0.2	0.006327	74	614.475	688.475	3
0.1	0.00652	71.625	626.56	698.185	18
0	0.0065153	35.875	848.845	884.72	61
1	0.0072546	68.5	649.345	717.845	0
0.9	0.0062726	67.125	652.17	719.295	0
0.8	0.0065591	65.875	651.765	717.64	0
0.7	0.0068186	67.5	644.94	712.44	0
0.6	0.0064459	67.375	646.76	714.135	0
0.5	0.0065696	66.75	645.29	712.04	0
0.4	0.0065082	67.75	645.345	713.095	0
0.3	0.0064843	67.625	647.175	714.8	2
0.2	0.0064657	65.25	655.26	720.51	8
0.1	0.006456	63.75	668.365	732.115	18
0	0.0065056	36.75	890.105	926.855	58
1	0.0062336	89.875	479.87	569.745	0
0.9	0.0062967	89.5	478.875	568.375	0
0.8	0.0074772	88.375	481.515	569.89	0
0.7	0.0062009	89.5	480.305	569.805	0
0.6	0.0062385	89.375	480.335	569.71	0
0.5	0.0066375	89	481.01	570.01	0
0.4	0.0062862	89	480.765	569.765	0
0.3	0.0063157	88.875	483.365	572.24	4
0.2	0.0064796	88.5	483.495	571.995	8
0.1	0.0061457	86.75	489.38	576.13	13
0	0.0069563	46.375	720.595	766.97	56
1	0.0062364	85.375	636.73	722.105	0
0.9	0.0062732	87	633.005	720.005	0
0.8	0.0062542	86.5	634.15	720.65	0
0.7	0.0062551	86.375	635.035	721.41	0
0.6	0.0074852	85.5	637.16	722.66	0
0.5	0.0066456	86.5	633.53	720.03	0
0.4	0.0066396	87.25	631.79	719.04	0
0.3	0.0064537	86.375	634.515	720.89	2
0.2	0.0065434	85	640.975	725.975	5
0.1	0.0063548	85.375	642.255	727.63	11
0	0.0068383	48.25	855.64	903.89	51
1	0.0061782	65.5	532.74	598.24	0
0.9	0.0062057	67	531.545	598.545	0
0.8	0.0062017	66.875	531.52	598.395	0
0.7	0.006334	65.5	531.255	596.755	0
0.6	0.0061646	66.25	531.125	597.375	0
0.5	0.0071051	66.625	531.77	598.395	0
0.4	0.0060946	65.875	531.84	597.715	0
0.3	0.0061729	66.625	531.58	598.205	0
0.2	0.0061166	65.25	532.86	598.11	2
0.1	0.0061866	62.375	551.625	614	17
0	0.0073895	46.75	711.005	757.755	49
1	0.0064448	88.625	654.525	743.15	0
0.9	0.006385	89.375	654.075	743.45	0
0.8	0.0064661	89.125	653.015	742.14	0
0.7	0.0063147	87.375	659.515	746.89	0
0.6	0.0062447	89	657.87	746.87	0
0.5	0.0063996	89.25	653.415	742.665	0
0.4	0.0074557	90.75	651.315	742.065	0
0.3	0.0064161	90	651.675	741.675	2
0.2	0.0063314	88.375	658.795	747.17	5
0.1	0.0065069	86.75	675.26	762.01	22
0	0.0066015	51.5	905.5	957	61
1	0.0062363	92.625	480.865	573.49	0
0.9	0.0062591	93.375	479.535	572.91	0
0.8	0.0062192	92.75	480.55	573.3	0
0.7	0.006193	91.125	482.395	573.52	0
0.6	0.0061909	92.25	481.515	573.765	0
0.5	0.0060805	92.375	481.575	573.95	0
0.4	0.0060888	90.5	483.38	573.88	0
0.3	0.0060438	91.125	483.62	574.745	0
0.2	0.0061635	91.125	485.325	576.45	6
0.1	0.0073118	89.875	496.595	586.47	18
0	0.0068933	39	775.015	814.015	66
1	0.0061617	79.125	649.65	728.775	0
0.9	0.0062472	79.125	650.075	729.2	0
0.8	0.0062621	81	646.445	727.445	0
0.7	0.0061323	78.75	651.98	730.73	0
0.6	0.0062244	78.5	651.2	729.7	0
0.5	0.0061658	78.875	651.295	730.17	0
0.4	0.0062238	80.625	647.26	727.885	0
0.3	0.0061543	80.625	647.345	727.97	0
0.2	0.0062127	79	651.56	730.56	4
0.1	0.0062269	77.75	668.005	745.755	19
0	0.0070936	36.125	923.685	959.81	68
1	0.0060659	85.375	491.53	576.905	0
0.9	0.0060842	85.125	491.355	576.48	0
0.8	0.0061277	84.625	491.81	576.435	0
0.7	0.0061483	85.125	491.555	576.68	0
0.6	0.0070706	84.875	491.72	576.595	0
0.5	0.0063728	85.375	491.655	577.03	0
0.4	0.0065014	84.625	492.475	577.1	2
0.3	0.0062989	84.375	495.15	579.525	0
0.2	0.0061695	84.25	495.795	580.045	6
0.1	0.0062377	83	506.855	589.855	17
0	0.0074914	45.25	718.125	763.375	59
1	0.0060524	63.125	568.815	631.94	0
0.9	0.0059301	63.25	569.955	633.205	0
0.8	0.0059777	63.125	568.15	631.275	0
0.7	0.0060101	64.125	566.73	630.855	0
0.6	0.006049	63	568.075	631.075	0
0.5	0.0060244	63.375	566.665	630.04	0
0.4	0.0061319	64.875	563.48	628.355	0
0.3	0.0061089	64.5	563.505	628.005	0
0.2	0.0059123	62.25	573.77	636.02	6
0.1	0.005874	61.875	591.095	652.97	23
0	0.0066827	26.875	819.96	846.835	62
1	0.0061226	71.875	524.085	595.96	0
0.9	0.0061512	70.75	523.795	594.545	0
0.8	0.0060697	70.875	525.035	595.91	0
0.7	0.0060924	70.125	523.42	593.545	0
0.6	0.0064078	71.375	526.41	597.785	0
0.5	0.0071832	71.875	519.945	591.82	0
0.4	0.0062765	72.375	519.965	592.34	0
0.3	0.0062669	70.875	522.05	592.925	2
0.2	0.0062433	70.5	525.405	595.905	7
0.1	0.0061527	68.375	546.46	614.835	23
0	0.006253	34	772.955	806.955	74
1	0.0062422	92.375	691.495	783.87	0
0.9	0.0065179	93.5	686.79	780.29	0
0.8	0.0063443	92.625	689.045	781.67	0
0.7	0.0062077	93.75	689.075	782.825	0
0.6	0.0074325	93.25	687.63	780.88	0
0.5	0.0061823	94.125	687.27	781.395	0
0.4	0.0061699	93.25	689.495	782.745	0
0.3	0.0061973	93.125	688.06	781.185	0
0.2	0.0061687	92.5	691.095	783.595	0
0.1	0.006312	89.875	701.955	791.83	12
0	0.0070891	41.875	1010.73	1052.605	62
1	0.0060715	85.75	512.63	598.38	0
0.9	0.0062976	86.375	509.805	596.18	0
0.8	0.0061167	86	508.5	594.5	0
0.7	0.0061667	86.5	507.97	594.47	0
0.6	0.0060936	85.75	510.945	596.695	0
0.5	0.0062283	85.75	508.4	594.15	0
0.4	0.0060812	86.25	509.875	596.125	0
0.3	0.0061057	86.625	508.62	595.245	0
0.2	0.0071529	86.5	508.865	595.365	0
0.1	0.0061586	83.75	522.07	605.82	10
0	0.0076694	44.25	719.04	763.29	52
1	0.0058306	75	460.5	535.5	0
0.9	0.0057853	74.75	460.45	535.2	0
0.8	0.0057569	74.875	459.755	534.63	0
0.7	0.0058484	75.375	459.22	534.595	0
0.6	0.0058274	74.75	460.38	535.13	0
0.5	0.0058286	75.375	459.365	534.74	0
0.4	0.0057727	75	460.03	535.03	0
0.3	0.0057804	75.375	459.055	534.43	0
0.2	0.0058677	74.875	460.71	535.585	4
0.1	0.0057858	72.375	471.88	544.255	13
0	0.0055877	31.5	707.85	739.35	64
1	0.0061893	78.125	580.01	658.135	0
0.9	0.007254	77.75	579.765	657.515	0
0.8	0.0060816	77.875	580.29	658.165	0
0.7	0.0061629	78.375	579.21	657.585	0
0.6	0.0061296	78.125	579.37	657.495	0
0.5	0.0061161	77.875	579.965	657.84	0
0.4	0.0061418	77.625	579.95	657.575	0
0.3	0.006153	77.75	580.43	658.18	2
0.2	0.0062222	77.875	581.44	659.315	2
0.1	0.0061569	77	600.6	677.6	22
0	0.0069842	41.25	816.565	857.815	60